42.2964054221412
131.5109382475
190.535388678912
217.490419630955
306.372570405397
374.197364036131
372.211607953832
375.256829898954
320.836263671846
227.81672497173
133.505207109797
150.851188399346
152.571293780083
162.092283676868
139.712415926474
159.48074692322
212.398390421817
127.675818431246
119.119824509586
140.847396084139
141.929965240072
131.993076751573
100.078848830181
101.106906737144
107.945582561524
59.1323900178331
27.9244568330677
34.6968295256974
17.9578689120693
61.0855075737326
136.317677189875
179.52558379926
175.479957733985
92.0138960512564
35.656885729773
105.36117657709
101.547357323521
105.410692344746
101.283824273641
81.8577068538045
85.8809752809855
87.3758503945117
73.2209653100077
48.5329563510068
20.9291403703881
50.4887164765663
67.309491586579
61.9521261591284
66.7987003994421
42.6799502262945
16.9657930195365
38.6132023575859
44.5851685479722
24.5068735545188
26.5661327277119
34.6623211428839
57.9950397062807
60.6790331486332
69.679559493878
97.3730788045266
233.90485731598
383.365788924896
362.282130076425
202.674119840341
99.028817336928
69.3162237417442
54.2193550049533
43.4751564597979
38.9823070770141
32.909470261205
30.8404588582811
27.1542304693125
26.0872586872988
23.14365726456
22.7503999990144
20.6825003882542
20.4639984854831
18.4720460461629
18.0346350122297
16.4698757058532
16.8995158345669
15.5243437243374
15.8465946927238
14.9760110681541
15.3658491194994
13.8660522150689
13.9789163633847
13.2832149361939
13.6715321549588
12.7730211237697
12.9214545876704
12.1391533185075
12.5759528471646
11.807997062116
12.171002221296
11.45336527681
11.8380497724246
11.300007749716
11.7270931629543
10.9608650941116
11.0775616578505
10.5726940102884
10.9826153034622
10.3240043578514
10.7406931757758
10.334626874093
10.8955686749437
10.2655176507592
10.4266330260927
10.0725025912148
10.3814315843759
9.92912165158325
10.2626862271901
9.84851612363081
10.2045018789999
9.74751923717333
9.82175762133898
9.24042187374261
9.66718856505216
9.60151035583023
9.9228996288575
9.6990226565619
10.0039795103139
9.28111709084786
9.64969628079325
9.31997712151847
9.65601608595206
9.3398997011659
9.66542293771231
