9.39709079820267
58.8543591262658
109.015061678223
143.048080234589
191.076070286958
163.618087799479
139.690251661813
166.938739250586
179.717192704751
222.351608474125
295.601288133184
214.418431394
13.4436469098388
93.2540468697963
179.821100978443
256.958814888963
145.857358748438
25.7990464938027
75.2987381486874
81.902644674769
192.609129906804
306.256314608553
244.026200968864
117.108442924362
77.630827781415
87.0980084066781
129.43546643377
109.738101225267
52.1148535119977
125.900480146697
116.723738294217
76.4806767053983
88.4498292961198
53.7784868168337
131.696797517199
169.451509668495
166.650651844589
124.345427466307
94.5315105204899
36.1467556990057
41.1136570704219
61.1364624651084
69.8758562770488
69.9247815081607
47.7243633905245
30.6163704860544
22.7887039066133
20.3050090099596
37.3744699130221
40.8095513323612
31.6593468409434
24.2351390156264
30.3158369875791
34.2270870660245
39.4951434293453
42.6257911567786
33.5809316277255
40.0937819459806
67.7823130774644
109.124097218577
234.151970061303
368.940661066387
342.17855219575
182.302574740152
86.2184319089935
58.5073778997715
47.655199187902
34.8730872165246
32.5146728013245
24.292554105173
25.4549418703151
19.1565962826043
20.5584642098176
15.2567963562936
17.140060207645
12.5207036264167
14.6265835705142
10.4863949837839
12.4952279827213
8.78246508071546
11.4090125082979
8.39963592647892
10.0956838344893
6.99386575222582
9.22589450482296
6.81408696035065
8.59466210942069
5.89431463198978
7.17395633651936
4.97480344508302
6.74871027069488
5.3323606963008
6.57187259018096
4.98946237182961
6.01298176631766
4.79977468041876
5.56444683113314
4.63838940065475
5.31147827509223
4.5653002434216
4.90492337753681
4.0988813442183
4.28933181322316
4.57556116927092
4.14825027765824
3.92593275507328
3.93580736311835
4.38199950862298
3.82259332262491
4.1729100405163
3.45810538423129
4.08321330991919
3.2859056258404
4.13565431302763
3.11532206345892
3.94216741666762
2.9019030150957
4.13403598131518
2.75287655465795
4.00805089469624
2.65170505406334
3.92175183386705
2.48823825577567
4.1828410929517
2.65113074599583
4.05819574742009
2.44004596281764
3.98667432770702
2.40994963804416
