61.0929321719155
62.6188376318687
71.7438767860092
111.631572363948
104.374910494411
179.607657331716
202.248755156632
46.7289640545384
204.495357967184
242.469936272995
100.263900896758
113.319711015654
309.030492342888
353.21197555544
211.55639975956
46.7541006281228
61.056181495612
75.3075897395827
19.6746002478744
90.2281241557541
172.647289985023
190.908409388488
135.663743808304
33.3600672722096
67.0379864653077
40.7678767130006
74.42845181551
162.407265744628
160.513666856573
100.958674007901
54.9025749848699
63.5592132335217
64.9344548502659
67.7506484659727
82.4553415948832
97.4851367217287
72.8469558284431
18.930083794244
38.0533358439474
67.223928317506
50.9927666432637
22.9513906744154
29.8419838676491
44.8237405370457
35.7016589345577
6.8303489347978
26.6648212110578
32.5403910717027
30.7008261980134
15.1322889309728
22.1742030821122
21.9958943278411
2.04659175258499
13.2197354340103
17.0836403461898
16.9493143928008
9.91370206066783
10.467202802398
17.8829892372501
28.3537887001894
53.9463850743227
83.0625522119057
76.8677693167063
41.9320978095059
22.0302330914299
12.8423457165854
13.6037053873684
10.2760287408275
10.3995434263847
6.51953006697896
8.43374566310647
6.0556221205629
7.66064448533938
4.95888391771215
6.69886352402498
4.40410229958058
6.16040859815876
3.85209982398158
5.66964791446224
3.72639759801821
5.44968906899474
3.59862113706269
5.12984367839059
3.00988153290989
4.54494378923147
2.94966551715365
4.27986076179974
2.80698928749889
3.98559287445015
2.96545275413649
4.25672909142551
2.80372703646991
3.6316229540641
2.74314166662342
3.51283035892801
2.70720682607163
3.32601028162555
2.67556163569091
3.06646390131391
2.59185789813146
2.87480368295099
2.52852888847273
2.62353241111341
2.64698156130431
2.36266656232686
2.67474462324297
2.46128707530122
2.85047937233522
2.25550655165722
2.89980975240119
2.26130042301509
2.89010120680113
2.08877952211182
2.87205862596579
1.90997450167551
2.92376585576038
1.78191357535172
2.84144755517816
1.67815112829928
2.92749228079765
1.71298773638179
2.94250379454
1.44748468462739
2.87074607846114
1.52039574398552
3.0671417061853
1.59954316898469
3.02570121650739
1.54392802803062
