14.1572718391263
71.0893666540487
93.8865110776795
178.207981179583
284.998222779325
266.413963354974
120.276299185455
32.6481035662471
60.2484873827285
33.4470549403432
44.4812108844397
113.679724180421
194.332917243507
172.520154295759
68.9285441481367
20.0182798449479
21.4348991518755
62.7294961389554
54.5713327515999
48.2221996663384
163.494572800706
172.845513146134
88.6432131313385
171.774261118858
180.258547382696
184.545523439266
146.679691817122
48.5082074380145
1.64637777527315
40.4827209964785
61.553625652352
88.6501019300493
115.243903761392
82.6063343170269
23.7239907551759
85.5374317865013
94.8958023655624
63.5949296068214
68.1378740305755
88.6724160224286
48.205135852744
64.8565820738325
89.7191489683292
87.7814767203918
75.6212769502519
57.1921925716558
45.7166692104032
40.7940140771452
61.89237844521
72.1378685791058
56.4666225799153
34.6185321356211
32.584580274688
29.0382773634996
12.1121903869528
15.0819188502827
11.4466116596684
7.09719775453826
11.3324053094729
25.6991271685362
61.8836567462712
111.64801420146
106.959799684065
58.8725730283026
29.967064615289
22.4618448348479
20.9410606796283
18.0031179991438
15.4042209119828
13.7643210367615
13.4134886983475
13.0511212086763
12.2637131412309
12.1781244840776
11.2562989587027
11.5973137023078
10.6573905923506
10.9085331153217
9.93305403341862
10.9129992805013
10.0545325435912
10.660515180881
9.67382864816267
10.1657852125823
9.16838942460998
10.0813044543122
8.95652697792389
9.43877930441344
8.69080667539003
9.23376404930795
8.45426423761663
9.09043118869863
8.59188494508143
9.01318342213044
8.39052017960874
8.71730972164075
8.22110650828185
8.52276510594736
8.34785111512489
8.58356844905595
8.45801278230578
8.60505877339466
8.37555050579362
8.31217714444929
8.192509337261
7.8837389967791
7.87715935622106
7.7872819672092
8.01020856062702
7.77133022419354
8.01675634490297
7.64659112651153
8.0005685677426
7.55037529355718
8.00418275692306
7.49962379830666
8.12098341258369
7.46689645706585
7.9298995521676
7.44963896979767
8.09753758702012
7.30886451631043
7.86783595722195
7.23653434086144
8.14502748198595
7.33531640236292
8.06806888079501
7.31672496494615
8.00659169489725
