17.6199406609358
41.342639011814
66.6775044437215
149.947423601466
238.473402324914
249.792688793299
202.494182404497
154.862469660037
93.0336226119127
80.1054094474301
152.580115222222
176.484543021336
187.509780189196
160.021992829583
99.8484056114484
152.816103733577
149.454952929669
103.498729142734
106.861537561878
155.647128885957
165.870841775823
176.000515203668
195.500488053202
156.702829582708
86.8297742301495
61.0250671313019
66.2168899765468
80.0210515911054
90.2616627864873
49.2968030582164
97.3073675200733
162.587427333516
148.029414040398
103.356001421293
61.3973271906985
7.99335423166133
24.537700223536
50.225888988106
57.6585334344092
19.7209621083682
33.6745583548128
75.3216203600742
82.8241539734266
49.3965705679299
67.1608349272803
84.6675489830748
67.1731873426454
44.1683234840994
31.1648066966937
25.9266779045237
20.9289898204176
9.75517152317953
0.490246118597534
3.20872839367541
4.91873810919011
3.90193643429173
12.6540801830013
17.8893108017926
24.3278102867611
30.7251055633542
60.6882544038189
89.3650182394333
81.8847253738718
42.7609252534702
20.6573622840268
16.7604523918149
13.393916598118
10.018912395391
7.82840510219709
6.74966872464415
6.19220546871929
5.55353234970866
5.25690953676124
4.64797933954526
4.47100302421101
3.95246270152554
3.91478611121085
3.43880446556481
3.68950186568936
3.0904945844832
3.39788510386568
2.89574424307247
3.21939317316951
2.66493430266708
3.11692490542882
2.48349508255194
2.72967716978955
2.14687584505369
2.66913657148075
1.96361154325953
2.83258421965162
1.98297936457314
2.57811873026995
1.75346462119232
2.54037872818496
1.63491300449136
2.57723149698516
1.61544770107867
2.49217371511836
1.43647303800018
2.5730373454099
1.49787107056685
2.49572502900465
1.4107462273241
2.31441021252557
1.09500391710044
2.35781002494579
1.10738535564074
2.40579700654876
1.05995135210881
2.38375165858272
0.983251233149822
2.35371754086625
0.908789446198841
2.36792366948845
0.862095008693901
2.34153584758421
0.853403984629339
2.39458588718958
0.828057310749478
2.21043148240034
0.453468181047863
2.2024404363472
0.820962263147116
2.56103018340124
0.80134142296772
2.47921471458095
0.772953639566042
2.42451890048696
