22.6925192180246
75.119853436948
91.538459840766
170.344229382787
302.802658229257
320.658845238483
191.094151892458
136.094177980448
198.167544932465
227.163544747211
225.36975035311
155.612763511681
136.438131683651
177.784344820087
166.332768794821
109.29338435881
29.663632482789
116.813110335824
101.994444430186
37.1755805207319
104.942239237119
106.509214751351
76.3651749912749
55.3754924545275
29.5742059106719
15.3116736667258
25.0663607998668
43.1453808470829
61.1653955521194
66.2496043807915
45.5108363394738
7.32386135466024
32.2429250324546
24.793509148373
33.4645576263141
32.8778592240176
49.6911009111552
55.7729165931131
28.1742767662956
14.059778698573
12.6296267064326
16.7209649222703
29.4469474897747
38.7776383591156
30.7304349689951
11.6170555801503
12.6904452627306
33.3961943894932
44.1525366556785
39.8161080427966
16.8870048218574
15.1561133258288
21.5830893870016
14.4314219199818
18.3713329098876
26.0495894425968
25.2965038513478
20.0551189649683
21.9260730348078
35.6479528323388
65.6762492181488
89.1585040475416
75.0847623202985
38.1538237861952
16.6037933403933
10.5058161455646
7.40640068522411
6.59773184070775
4.91151819035389
6.29258771954076
5.64897249917323
6.51767777768773
5.58608556819846
6.55394631771579
5.78358441144909
6.5809934055477
5.90032521641018
6.62249956090235
6.08059630684773
6.78733897673459
6.14294491870641
6.6632236025129
6.04315776339833
6.34302693639234
5.90656688532988
6.46299168710991
6.30722848648383
6.39932943806419
6.17896128944598
6.46566920797741
6.22287030215291
6.52629402816738
6.37936857419083
6.41147384864242
6.31727724938285
6.36785426791279
6.32859610961266
6.32055291185118
6.39550573605498
6.31320281738076
6.22235375697389
5.97998850700238
5.98993685611578
5.98140595765299
6.11619048542592
5.84014255153452
6.152281624539
6.03372608071414
6.30891922119179
5.95308663953389
6.15393191262732
5.87087280050842
6.18981717016177
5.8789778334799
6.20944711774923
5.84020036835991
6.1833543209917
5.78855285365912
6.14470401898774
5.69327941258799
6.22473141721084
5.79145992714711
6.05723135315654
5.55832585375065
6.068417416788
5.72479640712771
6.19591347459738
5.71058616298782
6.1426536664914
