5.37837483795434
44.3015593349718
78.5053972869089
108.658179749724
125.566607333351
98.5358578929549
64.9247259799913
106.458432195233
150.724235327157
222.153526522917
258.439438836773
205.315555477884
119.353220512409
90.9534739130153
103.000776239945
105.253145472295
86.9841741310037
75.7135032091983
74.536289138308
63.4550597536482
42.8889824965825
48.0645728269499
80.1784167617645
83.6385849973126
45.4164253340393
36.5499997338114
65.0003757905852
78.8580977696568
113.978983685776
147.91079533441
161.463631036138
140.871895022672
94.5273630147178
59.3251350533027
55.5843947494902
55.2158237046423
29.5063190166064
29.879027624725
59.2080740917424
44.2003841923177
15.6212086783524
29.2656195557791
21.3309718042933
6.55326673660734
15.4844091889867
33.3436160325247
44.1061328890925
40.9910530158202
29.6557805444363
15.8041638142294
6.18180034509992
20.2672890825793
18.5459968978881
5.23113893297893
9.9077490294542
12.880760016687
17.392046832837
15.8317577781617
21.8572827418911
29.8250760199657
68.3319528819825
106.844032446086
98.7785773651765
54.2143311612168
26.9548674876547
17.8451166658365
11.8903044809
8.55511107370166
8.51754246321896
7.39868262520508
6.94633484957043
5.88195127587474
5.70779470795939
4.76801739315386
4.74542452489529
3.96549847075604
4.09548079207723
3.34903199591493
3.44568742727186
2.76878110527581
3.17595772247876
2.64761878578972
3.00363933652263
2.35607735983805
2.68803556314797
2.29100528977013
2.65828028203161
2.08981057015761
2.38929422723389
1.88423806278559
2.05471011396178
1.4530349020537
1.82715662834657
1.30904728245042
1.81234640116829
1.24328352916438
1.73018178617774
1.22372762906109
1.64220312144975
1.02693377799611
1.49978948366619
1.01365714586199
1.48708303982137
0.901429749332396
1.45240561588195
0.963703626891656
1.65168277718046
0.992860572653653
1.41992482850402
0.850125695970823
1.31821279477622
0.796017685559907
1.36435813137889
0.85054239421358
1.38482240960699
0.815507549239248
1.41117278664497
0.903627832949832
1.20813295652062
0.528492136570656
0.969681639130287
0.492087947284209
1.12845726584619
0.487050099288912
0.993367613562853
0.56018647996701
1.09918919544372
0.540434657586038
1.07766628908471
