27.031256192035
127.250784971105
148.632896087455
164.306578526693
306.422608801472
319.471687466658
171.810140359524
135.152267471949
114.275917750619
204.420641698743
321.776713935794
348.996696410947
221.310237071213
49.4331900015875
188.30035839295
258.004169233832
229.642675292936
137.152595677255
65.3157387886145
16.3909055866553
34.2108500842555
73.5564481821549
77.3852937726734
64.8343314590871
97.3802231721477
178.87616474571
212.696920471929
188.128106617443
128.528062046706
123.756375422433
124.282293560475
139.09494710842
213.746810763323
209.119749048067
128.931670642691
68.9456954473074
129.175449446852
160.972727931786
143.93843998282
90.2223082704075
60.2182650770227
42.4398446987295
44.1258776358748
62.32165770263
53.4706963170221
65.2058060793847
46.3920638914189
42.8523718504306
39.2631322683225
46.8093302077581
39.0105564731736
19.9553726639058
25.9442920106289
31.9650525642835
34.9124321679532
47.841549759677
57.3456006509311
63.5017406024923
73.9973654509708
117.357669529597
248.499711400836
392.11722877283
356.952650590286
186.027137831468
84.8158907430915
55.3120227964402
46.5001371067479
33.8503740726172
30.8333065826122
22.1938192348578
23.0789467211863
16.9147569673934
17.807158385798
13.2290044935846
14.4639764423099
10.9211696671386
12.1998542812597
9.25255810453855
10.159657163469
8.00062676383788
8.69274118579356
6.46002502532317
6.75919193084469
5.77323461498862
6.34576625528389
5.73103016723235
5.85927699993026
4.73099981918436
4.65108701604231
4.46170325673998
3.98834416916963
4.14348471277872
3.7115535444127
3.88074104849054
3.21186659641305
3.5837208364971
2.80367847852247
3.23288130134511
2.27411283202172
2.92250862771412
1.9148225584202
3.23017808105319
2.22413186428371
2.70550015560239
1.52982179022408
2.5407783836814
1.25535656727054
2.32178316032872
1.19611708379233
2.15172791517463
0.945698239464213
1.95809361824293
0.789739198596609
1.821270643641
0.644156686314511
1.62724835407243
0.316840993164807
1.38502919097273
0.427736634300773
1.36577862199564
0.328231058607988
1.30136450234379
0.0227867622902492
0.983763402865832
0.256160829952037
1.13417203188204
0.140722503603719
1.14608513841324
0.0817025521363413
