27.9715559151798
62.9838120159023
14.8537720147133
175.750538741873
339.046079545715
280.664550577598
125.902534697786
115.923927314007
42.3129376995679
196.662708386082
225.247775684402
166.238644386813
119.405098951688
92.1229334998997
87.8629555347222
49.7931282601615
59.6773423145643
142.395101423158
132.794580122235
71.6772896743054
93.7948618894038
129.511193597299
109.761021389148
77.7260584687789
40.8461810820367
33.4071345374071
75.6933240244293
96.3299224027269
131.413672362182
160.733904888188
130.880700773482
84.6277309038819
89.1411159821251
56.1121830942409
18.1867810786664
53.1626879379567
70.7371555125544
68.9490511701667
42.6798056918492
11.915374207853
35.82860943822
69.1454292807457
63.518367080279
39.346100907467
31.3914504053161
15.0018290363451
8.9910597923075
1.14137510450386
21.3854324709981
35.7903222326953
32.3290468972396
20.7311945754857
10.0653033371524
11.2096580298562
13.1919664534201
9.03858270925117
8.39058566092884
15.2722536125211
16.9994866442605
30.5534005979828
68.3756033687269
109.646050089018
103.35219950594
56.3080306605482
27.8853585845494
18.1514693180326
16.9314772614847
12.7630256392016
13.4230018086307
10.6154142390787
10.96487905431
8.51646362363634
9.62625387353021
7.62561687554352
8.4202953075768
6.6926755150252
7.54415605017552
6.12432781473528
6.89084715505296
5.65080609215785
6.54769756635141
5.76442505771618
6.30252143552628
4.93931432765694
5.47610781078053
4.77296270819922
4.98710585985507
4.39235195020721
4.76128857560709
4.28923803985743
4.4834021693997
4.40482923006814
4.61102683343689
4.26224344135941
4.31767344468148
4.24150664594093
4.21828560151138
4.13827395025124
3.94717708912994
4.04605691766059
3.84134312739536
3.91478053562801
3.67815251982803
3.92037374103723
3.53575691264369
3.86241133964768
3.5293472589574
3.74639485828188
3.32354730337891
3.86238082219924
3.34794461872007
3.82308379579009
3.25560057959161
3.77989565839093
3.15687397989491
3.74428381402737
3.08885038897675
3.68019212223634
3.049109460964
3.68864354880054
2.88339432605928
3.69753596206761
3.14384600178835
3.95263731206144
3.09009833366924
3.708814585833
2.96731263154726
3.75708107153894
2.99240783970025
