30.4063591479961
87.6750871754462
167.86134197055
275.276748394005
359.701479217134
370.862922256477
336.722371693868
333.362273279146
337.887945682175
189.302458053923
169.265615586282
236.596207912308
156.780666440844
42.8830056813199
60.4502210561847
134.887613208384
194.929351059644
203.394877592391
169.312928235494
159.699199407258
137.925433927777
103.627956444027
77.5476615614019
93.2258307758072
126.609254052758
133.671893546319
118.015381622866
98.2325383138571
95.2048926750391
52.0627295372922
61.2434781165531
61.1660265821157
10.6475166314816
72.7052883910485
81.9720718712143
67.8449929733809
69.0759953118195
85.7303975678266
83.4957299399682
53.9024354444543
48.3824089307556
55.0022904362146
86.1169702291226
105.244566106156
87.2384260538966
65.9709937547356
53.6145671735195
42.283929969317
36.0826983084552
23.2961161645274
10.9170261099001
39.2437204805647
52.0586761946247
55.148277494402
42.7616182323562
29.9004175459351
24.4469165843826
43.0183196565907
66.1725649343102
107.775139524398
238.298828745061
402.750895088442
388.530146144249
215.127095351351
110.418146156605
73.7453784719572
62.5986848774881
47.2141226111926
47.5356702147782
35.4194006100881
38.7581570358661
29.9525901695713
33.2136899564254
25.4764375465334
29.3240080060399
22.6609922871719
26.6441388296997
20.9217852589727
24.3902519779092
18.7767384268648
22.1669262391839
17.7851063547812
21.2253778793797
17.3970764935317
20.1557938575592
15.9269694598663
18.391451549156
15.3884662279642
17.4575449778941
14.9788878031609
16.8390949334293
14.6165459566743
16.0984260690404
14.3389461877578
15.3510146528732
14.1474816739375
14.7803893476076
13.8431708428896
14.1162985165379
13.7715452002967
13.6871507642915
13.6472558614353
13.4436277578715
13.8300420872523
12.7686814514301
13.2669701448985
12.3056064007731
13.4686697374041
11.9229559781153
13.1821569483161
11.5599361055544
13.2338163582462
11.3169066203976
13.1884633981094
10.9374071625096
12.9721133076232
10.5410806192435
13.2748228215927
10.8952457360549
13.2219754450883
10.5375412238533
13.6149693840375
10.6970611594682
13.1696693344386
10.1630793683333
13.1202848267961
10.0930143790168
13.0932310588917
10.0936476473772
