34.5639747594344
58.9892740491119
30.7890749939439
29.9473079498522
41.573541027377
80.8296923868615
125.457448369473
246.572491167157
316.260443841685
387.954869649487
402.122288295533
288.201451552271
217.723272523883
150.922403189991
81.7574758188187
178.13008916076
243.02243019917
178.072494571643
38.9481072688721
139.738695880885
130.571606809051
107.500223998319
123.133884687506
102.328229215598
92.3700441967894
98.7303630682604
99.329448879541
79.3632626737791
45.7535705750252
21.9007868094362
14.1178881961247
24.556764600974
52.8634649200357
57.0322704506734
66.3753134532425
74.8643399118447
79.7318257996861
62.2752912254522
61.7955980576486
94.1582809701778
83.7544974915322
49.8772758075363
12.3106342765772
21.4105213071798
30.2077378647109
24.2070654947331
25.0810806172635
24.6634746606473
18.428026454911
8.58806373379687
1.92065338140594
8.49858557131403
10.2845640391929
12.2688506953762
11.0547709301302
3.12226768708256
9.94111246327974
14.6369610829054
21.5088495503092
26.7899325551524
53.0722640984681
83.4141489868183
76.4895461086267
40.8353629818322
17.2501470517877
12.2248315057408
9.84909565613873
7.20278014888032
5.38387377747298
4.3637729506746
4.08204450926848
3.28850940716198
2.86206408844129
2.35654820713666
2.21271753055884
1.95006090887521
1.76399447313755
1.45910834695967
1.2675073567186
0.997032927449621
0.972436365487465
1.01669771598871
0.834122500709302
0.439354580374861
0.331701912037026
0.56593524457637
0.508591309520346
0.561269270752994
0.583902915763631
0.621463108458748
0.433557420981613
0.288888477632604
0.275598108142604
0.413319522481099
0.336321919441656
0.363907937673601
0.312263121448853
0.300023979215374
0.188573254109147
0.329221476686463
0.376501755059461
0.488920641258157
0.303822975427356
0.422550552372994
0.450822748080384
0.461197610755885
0.375174410840986
0.452984862792558
0.446368441910004
0.48806905526752
0.429576977075969
0.491563245323255
0.436872127316641
0.477850312999829
0.466047501877807
0.540856165129512
0.44006433950483
0.512195644233289
0.59580290404028
0.622659669814757
0.428107079572265
0.494938428063635
0.388407135472365
0.373181278993615
0.380005467934623
0.458268701607889
0.405131081971282
0.50004126546475
0.430994886654987
