46.9826448491411
90.9740697608812
158.700593940081
226.614010303851
228.858128710333
156.174209428984
34.4556621872785
186.447476449678
302.221260561824
316.567481448719
365.021278131606
525.35791887053
627.730302904229
598.280033290672
548.361049651462
469.988177861686
294.694876412298
136.088073926404
84.3009210567791
59.4104495644408
61.3162181948557
101.112278057449
133.652218907672
158.247623988783
183.854883239209
173.186419045228
123.106602592404
93.7565417630237
91.1817866389944
85.8904691872909
72.2052208847211
61.422706277972
87.1444568022356
108.696020323957
109.471413462736
90.3924248115824
65.5382252272582
48.8983646923418
43.4649688154413
37.356826082719
21.1475358396643
42.7614834200938
52.6472457363056
56.762103399427
70.9372391187701
72.2074128250947
55.4582768235246
40.6084673095459
23.5796139521439
10.0748557275229
16.1951724982826
15.6205302641376
11.5295708024451
13.0226778556725
11.1096074516866
14.076236391483
23.3217357093518
22.019371152723
19.7040040779167
20.9739318846932
54.0796853405972
87.4309062824439
79.2167033831431
43.4217881781785
20.9647633991932
14.8821834144879
9.95520936255638
7.6544562813229
6.20471766413328
5.82938728619235
4.67412658783878
4.85253932215888
3.77030952940481
3.82047341629622
2.80788203464163
3.13451950813041
2.43356313681895
2.97412077089219
2.12617523125892
2.41016895211801
1.36940063656559
1.83982236491287
1.35094473002435
2.0229085299726
1.46517535724025
1.65884510222735
1.36482670548968
1.66059054850942
1.42343987083777
1.81026467129023
1.14266725890784
1.16668986923712
1.24872289267848
1.39308995101213
1.24884830982966
1.24818539462026
1.26108838579623
1.26588981320455
1.28682975299085
1.26327250064191
1.06681631400953
0.97965091751655
0.85373305018263
0.720771393503875
1.03788499954581
0.662988427117548
1.06122061093247
0.737229294976411
1.1251386249792
0.648902462820846
1.07126294706974
0.57916827909721
1.05391995510058
0.477962559760686
1.09708873905085
0.48401302688489
1.23150528752786
0.563127776859965
1.1615727557294
0.514107032305875
1.11322787440844
0.330919311403498
1.01922939743953
0.320368601509764
1.04405475308466
0.279436491309204
1.11733293224808
0.323023094103139
1.12015514212538
