102.105973141812
184.644541529718
145.760661731377
173.162494756991
184.860909180701
255.71657178319
281.43613667487
213.777529757127
159.406810537097
144.416578525545
309.871518607601
372.462362123335
267.246718959384
125.741065950204
47.2479607258743
19.3903452299414
88.7696196338445
122.891019417034
104.984886316848
54.7184491627258
2.04746342538563
37.5647744564468
56.2646427830803
62.2091683021827
91.1559893457888
125.102980010334
109.306095613519
56.7518899080837
28.7368922434785
37.2843193762961
76.1657583405905
88.2127719600946
92.0517200754011
106.01499288973
87.2893977738239
30.4238572591235
28.6732089263598
36.2306178265722
14.820404738801
26.8612808017924
37.6110668582058
20.1861575512691
33.4746764118028
42.8722584308568
42.5751400663742
36.5706405180367
24.3519469180569
32.9917811315048
43.4256183662544
32.8882729258585
11.4369649087066
3.98484436680634
9.0972113281595
14.7434326014434
15.7304402864466
8.74943593389096
16.0090322827806
19.6525701874526
22.3515557193204
27.365070678163
50.4176283594123
74.3842109628481
70.4292796884254
42.2294343769793
21.0357964067916
15.7742988406169
14.0690143584907
12.3024526478106
11.3488893260619
10.2786732316768
9.95201665174814
9.27128070245838
9.00945451483745
8.45233975846155
8.39203623367161
7.91584597750215
7.8987226641867
7.41551936597758
7.50383325679512
7.24314381002808
7.37473624752321
6.91130303270606
6.80382212026774
6.56585415704009
6.90744469758469
6.64587897750336
6.68852700913412
6.4997449800382
6.63204533539249
6.29640081585671
6.19466203566178
5.97711750659555
5.9909313331679
5.92786973202476
5.93640977715096
5.85284866320476
5.81414083012128
5.75102559932514
5.61651054103017
5.62641844350996
5.63245343093104
5.7741018691533
5.60148179966198
5.48355648425169
5.31782683881651
5.58123561530321
5.37446795493957
5.52148562735947
5.31889102650957
5.44446024744963
5.21122953973286
5.46611068713615
5.19466884923784
5.45625547900272
5.20101859714536
5.4659230914189
5.09479834560804
5.42205138324732
5.11944621492185
5.35010535247405
5.02600789961708
5.38857953459396
4.96976152619861
5.27202133482638
5.00377913341299
5.40013361750965
4.98228992031366
5.29301907472467
4.94849056477592
