25.9030571910699
62.8238588328208
111.220058736879
143.235308853179
122.174085980906
85.2437109194992
44.9858644702728
64.1694139314667
138.631137463115
186.730591845892
190.709052096989
183.38331451452
188.588597673946
226.597234200839
291.407131428678
314.459716530728
287.121393760869
191.525385285327
76.4696892565959
81.4242182779106
147.985374980899
201.3539443059
310.435720379818
411.798171906839
374.635288349264
220.761160622037
70.6005020267336
6.04133159648291
36.7163026363473
72.4332301740772
69.1628100704238
54.0536994572039
42.3817876882418
30.4816497353324
29.1179534032068
26.4128130443294
6.11887624063441
36.3769615621447
71.5205041808362
87.2177404369195
82.845512274809
61.3712410545955
59.508277097343
61.9383302272649
44.9434641067663
24.4433913848643
31.9447345018547
44.0230696526793
36.8775313731085
15.3188254224839
3.65640682684789
13.4593718279247
29.0781031098147
36.4911452977034
47.4123896566583
45.0434852124416
51.7143742567621
65.1117724479581
87.7591814652348
127.421106533102
281.486175241428
438.378542540927
397.323614973982
208.481544572518
101.029580340517
69.3622850296978
58.3173903612702
42.7188578565683
40.8126392789066
31.558874077695
31.9766722588242
24.757160492983
26.2013261657618
20.3722595243981
22.2754941395428
17.3712697337828
19.4827229603006
15.2427168615727
17.3700513773523
13.3953346034687
15.4574785349153
12.3958448253869
14.274559121413
11.2321613447453
13.3774262281138
10.8070978973964
12.2544900049679
9.71704718334222
11.0003179281159
9.14969743272673
10.5628390312079
8.7923547700256
10.126400766317
8.67667274247046
9.53968220482545
8.36944645746012
9.09327924260101
8.12097803955458
8.64182026991451
7.95315443826012
8.07050496188488
7.71686603282405
8.12953173771847
7.87891155933859
7.69192382491296
7.63782302109513
7.12230381461732
7.17352542551901
6.98722879317216
7.49983519704513
6.82439335215954
7.22900072961718
6.48568882731411
7.22366517105905
6.33244229277361
7.1742903942576
6.14436342952881
7.16575222224526
6.07678416584473
7.08584375850759
5.89910131367844
7.11669086104639
6.159267936259
7.23399630518031
5.54606662315453
7.03255368237304
5.86380066416214
7.18339875811934
5.79078407496077
