52.7792732455813
123.265050444209
147.92619073795
211.331104228418
216.499928019406
165.156621056764
84.4425939340392
49.3337597014978
155.374812536572
185.282056408719
146.458752261303
65.5356756103495
24.3734753713681
92.154734695222
125.03422777863
65.5959449465133
81.9208800576007
119.579062829927
140.248462126898
160.573975609144
111.909579278377
71.7298682249474
105.843920102141
152.065608549903
156.914151251423
105.950005971247
64.1952428017143
63.5501698258316
38.6198990417981
61.1454513669274
71.8314469562842
69.3317783813205
56.36910336361
28.4722870289262
14.6796811726245
11.8361976061536
2.02919478301275
9.46029315905496
17.5828210608626
18.3546064659505
2.7583440747332
14.7902090579525
24.0727910278773
36.0373936090619
18.9758066304268
3.99030332947015
2.17821192732025
15.5836428823342
28.271215718052
32.5344859227171
16.4947803936201
6.03399804579678
11.6838696152898
31.4513369241861
31.7314882875986
24.1521876905536
19.8899043466232
21.6585315885777
14.1603174153872
22.0623027329682
60.3219322962108
98.4615024363817
88.5072781141761
46.7232479425087
22.196012466177
15.4713751759244
14.5719500721017
13.0755225068612
11.9649517061275
11.7421216343111
10.6878052962211
10.8168734674513
10.1579879434769
10.2676328265434
9.4477299871675
9.85530726367489
9.1130399680207
9.51493325204918
8.84844608444479
9.2560124285225
8.51760646029256
9.06586728349514
8.47506900092124
8.9575360004861
8.41998198020708
8.61510396331275
8.07513701953556
8.43245338642684
7.75783393042635
7.98539948512522
7.83133534129255
8.12277151166586
7.84772598234586
7.91705341913504
7.7744631530839
7.84206926387799
7.69727480944059
7.64470220720509
7.57180354988981
7.61954212591386
7.53321184136939
7.28576506756338
7.52967027761064
7.37508140604677
7.52227489269564
7.18625083912994
7.43755108303472
7.14751822446617
7.412833263687
7.00975489178868
7.34668235658224
6.91236507550899
7.34826583083197
6.88362550666163
7.36213009041335
6.89539294815823
7.33994942875398
6.72382073317035
7.29265095681978
6.68684611034272
7.22648255510835
6.70852693140511
7.34122453287763
6.57064952019374
7.19249645884499
6.61737287979597
7.24647324358259
6.68009574535999
7.35162571050898
