90.6698504046069
192.027348743135
177.620252710241
119.870000509266
25.7041298511337
83.7919506806613
190.050505909032
269.90511314038
297.526243562972
320.085830619475
225.383847739286
38.6049797685431
51.1763533133713
53.9436747633146
162.391611225215
293.607261871705
421.741132072384
364.217552487899
203.888158753476
199.142438169758
220.523123522854
151.632299543812
125.476892658476
223.815037398765
240.755169968427
212.83966249115
204.106846397922
168.878261919518
98.5988093837208
17.4609089458188
59.3080621137731
82.2433060141512
66.8915754048939
46.7834538730691
76.2139246681049
97.8090117748932
66.7818431041996
22.668449317891
41.0882647428075
63.880027268332
52.3494444414137
36.6131096710642
32.9329412105939
27.6329657233775
47.6659230970155
57.4311958404213
45.1459590632831
26.8589272704587
16.5078525372688
30.1354557265078
22.9794625516503
9.86845341395066
8.48226815670214
20.1718374714593
16.4329626042819
19.5091495520126
18.926579860309
14.0623917165342
20.6516262263298
37.6972946219119
66.6956570883822
96.386377704361
82.2919529968052
38.4620633560219
16.969130752774
10.5364925447654
8.40692885757382
5.66597436729795
5.68069136959501
4.07698423636527
4.68533964424528
3.92346160314394
4.28844433270278
3.83815972993337
4.0086653247208
3.83025887498773
4.02396991568621
3.90619403165073
3.93282296333069
4.06323651433152
4.02406780982068
3.71659524632979
3.75640613451766
3.86049353108313
3.64439423014954
3.72318062710659
3.6429076937912
3.728614918401
3.36361153082908
3.47846282921908
3.69560406088978
3.93476215409468
3.66583073333083
3.72386077421387
3.583993382147
3.68278012215196
3.58754716557606
3.73809341205458
3.57463987627166
3.61479135944525
3.40404085835806
3.73657915313523
3.68321777436016
3.57088113445711
3.39752713571801
3.58460886448789
3.43827137713642
3.54568453587768
3.47447404810993
3.5786551767395
3.40560065831091
3.57089895050938
3.48932594710788
3.60052181486685
3.34614666077405
3.4111226904351
3.19508426520703
3.31510643770465
3.38993550983451
3.55929901877194
3.37474071542148
3.71157564674518
3.54888220203128
3.43520906271857
3.27854447483687
3.35921928499598
3.19024990207935
3.33662654069611
3.20939553081608
