5.63258954947203
33.1876378538803
89.8490664384691
172.448008541889
251.763239604125
298.917121098478
283.825720778096
183.196108700606
65.1872517085337
147.921892906228
236.835090696535
331.17536068441
310.017480874902
184.171220517935
118.299531864843
44.4963274654205
86.5682234659256
133.358035578717
105.241228515184
68.4174314840903
62.6726672393462
82.018294470881
68.5753186518194
52.1490909727294
36.6360519778471
42.4057215342285
110.332722236281
119.846884510587
69.9601783369282
48.1847380611294
61.1421107265474
68.3618542003722
91.1014210272939
65.5534591753437
23.2105632082528
59.2553037977824
98.0818368639768
98.672272481416
67.0598675979517
40.8545857357801
35.7357436795978
51.4593225101551
65.587307953629
55.1345898218585
51.6229590866084
49.3071178068344
36.0647162657639
23.3048945932849
8.60711864497321
32.128987225885
35.3061472328842
35.1965452550329
23.1307868400559
10.4873474876885
3.96659281678507
11.7655298474435
17.1098907624343
13.0774531045554
20.6125864479528
29.0793945102199
56.0212829643403
83.6317133604816
73.9914774710896
37.483416229769
14.5484786261716
9.55149414207883
6.90868799156276
5.35956994429515
3.99122088912213
3.56435658563224
3.01635148395183
3.29113495129685
2.76260417671186
3.29565350473274
2.88468423811548
3.34782465784075
2.99371756076485
3.42006771692267
3.07534861617925
3.53890794082587
3.34307856525631
3.6364833830657
3.32014991004961
3.56937002676143
3.52014297095951
3.70514571784351
3.34076252145971
3.49430894991342
3.49178549724061
3.75196574655052
3.55340001869892
3.54205215029312
3.40797904553493
3.62266118368477
3.59334059723771
3.68288299267531
3.51886811850023
3.53896553400127
3.58531831094215
3.6861255325549
3.70380181773384
3.61459844918654
3.51702029279864
3.63655569058523
3.77746080838917
3.88698959480979
3.86849668145532
3.75957107808826
3.71633174967319
3.66795115314527
3.64775265678382
3.59128938677374
3.64815858544934
3.58939499111718
3.59837758942341
3.54271487271007
3.65750846730848
3.62632976067521
3.73419651721528
3.55848560034635
3.65118187064092
3.77715342217675
3.8917856964201
3.77974228356488
3.67491444649222
3.57125204373379
3.71246042936872
3.64674468451598
3.72889766408517
