27.7833660920436
72.2991258537501
67.1373425553908
19.1411432463279
73.1871754979604
170.110798491873
229.225164110016
134.893000975769
53.8881834452602
133.262987500374
120.335243336029
58.8455905719324
261.49812292146
240.192290591528
88.860789177101
180.338186628176
155.904722921261
157.252807978012
118.775366293489
59.5312155955116
210.829723347999
308.317299702016
268.035799389943
159.050137724762
88.6158186124448
102.635297434168
139.891739309836
128.064235604243
101.325063128434
168.550637928829
167.146349018963
69.5841450622578
49.4389733460489
139.626970849944
184.737252876022
189.672653380638
159.811353435821
107.054943036289
90.4510990427873
80.947418614602
48.9701994638151
51.4946362793589
50.2707214950444
24.819628485098
66.814671631772
63.9597046443506
32.5639549081008
31.7615376600282
38.9919016393176
31.2936609022668
42.8899349341155
51.229879294987
50.6342697463149
55.520950860636
55.826148327724
56.6165767667043
54.3320161979293
56.8785036807804
81.9926594985992
118.293233812327
247.135263982879
391.48110403034
358.975343591015
190.694096017479
84.8375126353043
56.1021268350598
46.630239790156
36.2784634567809
30.7670317044528
23.1664150687532
22.1078521692356
17.9703065989134
17.5549430770894
14.1410618404039
14.1004771397889
11.5794655763122
11.6424614823124
9.45244281630586
9.70958263615808
8.10317393503876
8.2414539690652
6.8005230183244
7.09896145284016
5.71715086265004
6.12211455708782
5.40673307356339
5.55137139368209
4.31343145830694
4.3912517471404
3.70781250229845
4.19440444519013
3.44431095363825
3.47802443604298
2.9711779108736
3.21142456416939
2.7605212898703
2.91691508033811
2.40722959998696
2.63078050440055
2.35662028994899
2.4945927766599
2.09323862738636
2.04400656402766
1.62986765315894
1.8072367694707
1.74335187968489
1.74317730681692
1.44888208030837
1.39075641400109
1.19855076187871
1.33867670540205
1.22637519528941
1.23367997212506
1.09457730835895
1.09133235468063
0.949094794634894
0.8986846198581
0.889471239389361
1.10309575230871
1.22792367403899
0.94223149600498
0.493996945831727
0.71596533111119
0.714633755834205
0.432191883209747
0.411872724015208
0.432486428802713
0.468500626152434
0.485638271094428
