21.8880628854247
90.2020531385143
175.689387894314
217.549528457791
213.708176144744
213.818438930834
189.424306791131
101.303431713493
63.5993166932259
109.112406165868
82.9599662729013
143.206815541179
262.136853903443
289.170644898305
217.669446740626
158.054802753103
188.333953323761
241.615145621194
235.628651761551
222.490393856982
196.628437966334
103.985031543954
15.534017309805
54.2317383609
138.640617048966
168.188519327058
142.433917153805
165.915503494321
196.80342513453
180.672368497984
147.287212700753
132.882393874126
120.342687894581
85.0028051894682
48.5462341541507
48.8028768626714
53.3242320512047
29.8384748262188
10.7286692776645
16.8483429943303
37.3207831808842
55.5428777688203
61.7946554015644
46.4269036322605
63.2660483769118
73.777612547984
67.2778050780733
49.287886639371
9.38472201150834
18.4971921017795
17.4761347262901
25.8856970543082
29.2414579727809
27.8778246184683
40.5274479917273
44.1094884061549
45.8038482255296
67.6431746440083
91.3261070696895
126.483742413433
278.304304135643
433.250005229034
387.906816091405
201.497815309699
95.575453222018
65.2706537400211
50.7158622881342
35.8696599352334
34.9445046331842
27.4652913033076
25.9720354997965
20.6985259942948
21.1298799893842
16.9278533233977
17.2976229968458
13.9888601743335
14.7343607375491
12.3270517181076
12.7309707700115
10.1030824540487
10.5308145368225
9.0895354731557
9.58423225705548
8.05716646131844
8.57833496418224
7.30384250896807
7.3092503465493
6.46008522582756
6.73161608423264
5.80008654818685
5.99229601009991
5.55995316669722
5.52681539799105
5.01032449936536
5.00450632062759
4.58404019787926
4.56443247071255
4.38412882112886
4.26096551929278
3.66561422075544
3.37805076716243
3.63387478599678
3.52823324198326
3.14116547673086
2.98013960340807
2.88232263055469
2.73491402315601
2.97955723710093
2.59072835136177
2.37535425355555
2.21222599302257
2.3577767962131
2.13543194333502
2.21706382014118
2.02944259301421
2.1786538111085
1.93665291449355
1.93703114467183
1.69349942567165
1.81108389896532
1.52529386172592
1.53591001561377
1.23393869264031
1.5000493639014
1.29703391675641
1.47691358165481
1.34965138435287
1.45229988320273
1.22632280171478
