0.046235374131248
62.6245396507211
81.0959807001208
37.7699355216719
36.3451191738388
100.527711345305
124.753830605727
92.4030089459945
134.629114209572
119.369651572701
103.09347466249
122.47863113128
36.7842859275331
156.110294274071
281.214578844049
367.698487154769
320.615737986591
187.458095492909
163.352623646877
216.4798713417
168.992947841384
47.0837959729502
34.5872089829257
70.7242873170607
69.2424149838348
53.6113205340571
87.1785403120745
82.8634761839462
65.4773541376415
65.8182754188712
71.9780640721801
52.2399917402045
67.9095392113221
100.643897666883
105.10819058147
95.4745304098788
71.3206868430222
37.3154962219945
47.9841598939671
53.3950547642486
38.8266651983905
32.37145999083
40.4255380828536
70.6258874625012
112.624569447996
116.189941126597
73.7724892649937
20.177834345465
28.1446986451214
53.2614964301289
62.3111034116126
49.6556964531484
43.2839692062611
45.7513557696298
54.8491616438004
70.459387535281
62.0742766243933
65.6431776780815
91.62958661257
130.178006262066
284.127496650492
441.184707538185
393.53791317931
201.960489996865
97.5192814592101
65.6271444897836
51.6021278012822
37.4625715244389
36.2474210749255
27.0167337603292
27.1238426669093
19.9208811289891
20.7449565396842
15.6655612571946
16.9214900821344
12.645406049682
13.9498871003666
10.7133736817679
12.0961965666326
9.0091642858271
10.3249236897741
7.98498986977931
9.52272518162991
7.4913958161633
7.96812554878778
6.30160067335753
7.10194111604365
5.79735194314703
6.66489255374387
5.36456725059479
5.98470735040269
4.91464792240088
5.19974472084371
4.4442291106589
4.81848190866307
4.23594092076918
4.44586103765055
3.93858699718793
4.12457389556679
3.78433600915
3.56503157734414
3.34639137913315
3.70207560841616
3.88869064834669
3.22485298665363
2.96553691107777
2.85321265190096
2.90990207979303
2.73898706606658
2.81202107160843
2.43215710289523
2.70070644993359
2.34662275923291
2.61987246882592
2.20096850638337
2.40733063458732
1.94900580357887
2.55876853766688
2.19100227288811
2.51294058016811
1.96765871469448
2.51605717041107
1.93842056295925
2.46656695998442
2.04577563448305
2.42424063145705
1.91088619998334
2.41731454223174
1.96671454146069
