9.54457289469121
45.363024987499
102.350344728381
117.027196621424
73.95833475026
130.789575343801
199.84097055311
179.557251794723
146.626259204977
173.960728447574
169.796458779865
114.945036743555
273.612030781167
341.049499720651
221.592938138705
84.0538132549603
65.9791639392461
57.9840148172404
43.1552652544598
7.97552525571836
72.6839767059407
141.1620004498
134.176174793563
104.20988923214
112.308852188054
115.356870754668
152.022251110843
192.015497347423
148.821578653513
46.0379806566554
89.6944486438715
105.042051246035
69.571688239707
179.838687812086
308.074311892088
322.809014455907
294.926200572953
225.006708268655
111.619993929393
46.5500101153356
63.484523101281
51.4592299905547
68.6577829760751
106.812089261928
66.4436940321284
30.9736729087973
33.0490461465255
55.6096482792178
41.9639390262213
27.3862446960998
14.4368381138171
6.32006525691512
27.7115253734292
45.3256807622426
51.5448771937422
50.1753264172827
38.0647426314194
33.9308148783712
77.8815048208984
119.982896487212
273.645024625776
430.755063812139
390.006326169229
207.912816061337
100.657359402999
66.9003538049976
53.4383561960543
40.2521748534838
36.9704305427826
29.7936737717223
28.1993408682452
22.939021394585
22.5483156183791
18.8356793376093
18.7987219585873
15.7546941021127
16.1243392700022
14.0509319624283
14.130354686101
12.078546093479
12.3138475430194
10.7562713820092
11.8438891891293
10.8551213020461
10.6909155415979
9.22354226392126
9.67382521868158
8.39806848696396
8.59498719836876
8.12213714472634
8.34275332495674
7.4277556495357
7.57591950868433
6.9676297482536
7.32377520206756
6.67158669255707
6.81954516392521
6.35243581664908
6.49527581868505
5.94122949376512
6.19995917271696
5.84531062183247
6.36341719504285
5.82390955098561
5.8981127182248
5.56829972148297
6.00440671145337
5.70351066623068
5.93584156246196
5.49115584173423
5.61519814509954
5.28911261064333
5.51995602599216
5.30413062923007
5.56340391176078
4.95695073714497
4.94561034559878
4.57052232910796
4.96945138998637
4.89553726409571
5.1611071653744
5.12640631978233
5.3910881549811
4.79177684480786
5.00874661130413
5.08515848971996
5.37322698810042
5.06522180789116
5.23767654046082
