82.5621079808675
174.317169713429
161.710034123772
91.0460230475551
135.617737315175
297.293533314744
334.859105580471
346.065304340971
341.479376878605
229.209253429696
132.755844161177
159.699589010848
130.292608208875
86.3218792449103
128.980278194097
86.3722003804408
122.397600975053
177.510008983595
123.664873901182
110.430049652305
183.358488158752
147.654422355657
76.4458686552124
130.440235164302
170.557411384798
154.469760318257
130.016754310965
117.834073948175
87.1882952820011
77.7772326108122
93.1314662810522
102.487037500718
75.3166229850416
29.6920481805466
86.5737455271394
179.000922684457
142.854804540184
99.4548361722696
99.5996108251368
68.4174218463459
55.4874690357559
28.3295300098266
41.8922121222443
48.5822353087926
42.2742841892628
45.5488699748605
69.3007649071679
47.6577634763555
42.6131131401946
56.9336272762634
49.5382711127537
39.9877945145787
62.9723270401953
56.9416025605055
56.7373254938913
58.220107021222
77.7557534765006
76.8511114824875
90.2161712283438
117.285207842178
266.339942219174
414.660399858615
378.686078143929
205.275421228557
101.967668516777
74.6489880639218
59.8008305001866
49.610630889698
43.3253405300422
37.3147312986494
34.7984485790018
31.5096646241607
29.4090538872832
27.0885716435976
25.8171413874058
24.2437964405984
23.293512379214
22.1125172349992
21.5332899917313
20.720925280342
20.4381638440168
19.7032673467231
19.4571929815944
18.5172731287158
18.1856725720117
17.7952275436373
17.8698809244254
16.7348675054804
16.65103608533
15.6762776062058
15.7801250711196
15.2606566993225
15.7034947661113
14.9117363465779
15.202859073589
14.3482288360717
14.9180767855075
13.990954041759
14.3407660829898
13.3514961785513
14.1073591706975
13.3732701459636
14.2366310531798
13.1450233713849
13.960222255435
12.9155006321986
13.9452283926098
12.61755548839
13.4714111696125
12.3603332650504
13.5422806754752
12.3313627131058
13.4027874423611
12.1562640698694
13.3583495244185
11.9879922087878
13.2140221832855
11.6322064889391
12.9828106617834
11.8635897316818
13.2511227894268
12.1352602145916
13.5942260382726
11.9475968605314
13.077275456286
11.5836086712837
12.9321744052203
11.6058181404246
13.03334558249
