64.9689687906079
159.193833839709
187.102014183217
181.425235147474
144.629730061655
76.5622669795277
22.5326095934875
32.2594378040051
174.952903721409
322.315131177189
356.243238979344
263.53779703421
120.519910435976
38.8684203655146
57.9320087730051
84.9933836882091
59.394463579394
95.0941076401051
164.946649430481
179.140294845956
170.476938256483
118.5692999105
92.5475322884416
103.173660809538
87.4184919798701
73.881834075689
68.6508154922846
68.2822158072455
66.3061293545539
44.7920147380965
20.5283194684447
5.55215972951565
19.2556004773753
40.6679182358407
62.7844159934009
87.0032959831474
102.754316938774
86.9821485596846
42.572078911635
27.6282340905316
30.0818929422122
15.744807774173
8.41372047178525
27.5891042958758
22.1123421351845
13.7003550761679
29.9923990741302
32.7610842392161
35.2135869535986
39.6650313165825
38.3866315664774
28.4016392295107
12.0816285063366
11.7115792995889
11.5757947568109
13.0220990877508
16.0258436053805
12.0321464046631
19.1357299244771
34.5697889600276
70.7959151191483
109.523529147085
101.852538825276
54.485504036711
25.6016858410247
17.7574141364511
15.6676129422969
11.0719309775566
10.9706642302642
8.67572026602235
8.70236371225353
6.58134773189969
7.34571633492219
5.62978500725324
6.30645575916485
4.76926744670602
5.74917759131937
4.49063119835804
5.13309448564728
3.921910628905
4.71897377041811
3.47730981427016
4.43198466620682
3.59526700971122
4.13402173435186
3.11848591126862
3.89372155562987
3.20225958729394
3.7219581583064
2.98210194575634
3.36406697533526
2.7428274547294
3.23657539976869
2.78743632186494
3.14039539959125
2.69834835876398
2.9349927598082
2.67991628210261
2.94233747277825
2.69439939399821
2.78467623748349
2.51785958226545
2.59491453560205
2.71122618415744
2.73830843481937
2.58914113964437
2.65941393887512
2.81400318610236
2.5588790182728
2.6104301312587
2.48532124627131
2.63346821631397
2.3747565713206
2.58167166497013
2.32095107556893
2.59384261721996
2.21660553560152
2.54846452494184
2.27970822008217
2.63592402612848
2.19334833644494
2.57426341881234
2.13585610999862
2.71969324830127
2.29356867533458
2.5937548073262
2.13971133938904
2.57271082412243
2.15085142945289
