113.084705562693
239.296748617147
220.510677123459
135.858922574438
130.247780282287
229.977406540192
333.593057301886
379.095501612907
306.993876728765
181.34169471704
113.592556516452
152.809796761263
255.855158993155
298.319926499334
179.165182032926
39.6474146209823
173.312978274627
184.786242111418
115.506953867609
23.2865245846166
125.188611202984
165.564298339588
154.539149523801
113.53831301167
66.8795600623596
3.59633934090937
99.9417078663903
154.349070938729
90.0156118120569
85.864916488316
134.546803120925
122.211532819859
73.4897217505383
31.5823213055784
88.2990983719003
98.3393834265729
113.225717787344
91.066465298836
54.2248317836113
25.7376432618596
28.9437840626816
49.2641892653894
53.3287240734325
77.1059585088018
97.0604851048411
100.818739311887
81.8254631337548
43.7808658523001
20.8031189042131
7.80913652476292
0.613243584885252
12.7386577246031
27.9231883712603
35.0238535664138
36.7136614617558
34.7989644887934
35.8664127671746
62.0626190099931
75.1556016764103
105.458703721333
254.415514137717
429.94821823584
410.829286668425
225.258479317044
115.842399836269
83.9801479471847
72.6126421896535
55.7676417302765
54.0960988897074
44.4532095015812
45.9746298519967
37.9511788564052
39.8751695967857
33.7492560729394
36.0596778424026
30.7121552162524
33.0145675204958
28.6212495554368
30.832135752182
26.9251174964112
28.9014921294554
26.0265285012024
27.8501714296561
25.1166659293389
26.4894504936283
23.5951717260216
25.0932608417653
23.2090751913953
24.380218604294
22.8299014910177
23.4665683795522
21.7841254623822
22.5703739558801
21.6091331320798
21.9439892380532
21.1654955056932
21.3645585335348
20.8190948461989
20.5682835466881
20.2346434732396
20.0738299245963
20.2605101778991
20.0923092445995
20.5404938043382
19.7523481570486
19.8824343811549
19.1605866731747
19.6839604826434
18.6859360534204
19.4732762495663
18.4138444822356
19.3792682388855
18.2191204851699
19.3034855968184
17.9423087943788
19.226855947215
17.8668248114608
19.2682808156162
17.8857168744044
19.2455862180837
17.6821895967036
19.1811516504618
17.4437704802896
18.9015410134409
17.2304381774508
18.945399314295
17.3069574996658
19.0034061019399
17.3221864359844
