22.2300036454806
94.6852568748323
104.144321794648
49.7419783513945
70.5408817677913
69.1627695494584
37.7730807151786
156.83522674209
182.60979777103
100.562391156314
76.438730335188
94.9201897980072
54.7548639816637
20.086488266931
71.2325409706062
116.032154911105
89.4472359938519
119.654849156392
169.615119523026
103.889757981925
38.9378497601069
136.171378994995
147.351758636849
75.8560472965803
59.0520481746031
112.306694250898
96.976056669071
69.2628015423668
19.3144064531053
51.351386082126
97.7274184518552
104.188464265199
66.6851720846898
76.4832702161656
103.233590548477
72.6177687019968
19.8207297050156
18.5164637626661
22.1625994334194
20.9623096907915
39.0979703337459
45.3615872434087
38.3377966678518
30.3815707115765
27.884438225505
16.5423127374396
8.85505109604583
17.3277931697509
8.99316540752206
30.5238636266397
42.3667225800371
39.6389154387423
20.9345052508258
11.7409604098243
14.1211873071136
11.6704333300598
13.4075126593875
21.8799596645671
19.1106892717102
21.8147387741805
52.1849042404368
89.7307263119373
84.7391282242388
44.9003231155853
22.4523993196826
13.0131990151695
11.3910681639079
6.42203843795876
7.55742192476
4.56906794161521
5.61605631795649
2.7507534406883
4.18016633542727
1.7959309062449
3.34195555763371
1.19936731016302
2.59457871270748
0.60303893603389
2.12128846300916
0.25113704333688
1.79245923993843
0.111994825945695
1.6320538434974
0.0446372587249014
1.64119189461729
0.317769397357389
1.36880999134924
0.346694629123921
1.31108363584777
0.500762156303734
1.13806936712199
0.450886733225318
1.1849205347228
0.487082639173008
1.19186399962265
0.545861649379326
1.2079104497958
0.6494929817361
1.10611772543418
0.596721566746221
1.08995601591063
0.513619601520254
1.18456759614986
0.486537947318396
1.26451969203945
0.54922647679253
1.2604011446291
0.555011492367805
1.22259019723426
0.453211391776863
1.24740623518007
0.404865183127017
1.30740662252979
0.406954764299598
1.35438409758577
0.372422018109979
1.40566195048108
0.46921784739093
1.35901050318128
0.366946333007605
1.30818794242177
0.29260403339762
1.16978415561209
0.11107905806491
1.33222473541385
0.154403114762481
1.40948121657194
0.224566292442746
1.40914859650545
