17.0175970350585
63.9806919512955
131.870257332418
172.375055230114
198.987027231803
294.64734209567
336.026378749756
292.289666337772
220.979611105103
183.140080248251
226.631272834867
211.189249017597
185.493024909969
214.482362513191
244.571473825097
205.065200025785
89.6582445172418
32.9762613996053
130.346761424039
215.574487287769
217.57226765793
159.964401232581
114.902568271869
43.052705158864
94.2465004139315
173.602339683548
146.743291717592
36.5644070547709
55.7132311362138
74.6824353323271
69.7230303373104
42.1793128603264
12.6046235822466
30.4559128699707
11.6608225971471
63.1885002501909
70.1583218019806
28.7299951561386
27.0795330056112
59.0061433935159
65.3808814421795
49.6494736544416
33.139959181784
44.3357064596897
52.7510717164983
56.8771435381649
50.3705039692063
24.6727085938872
31.432180103306
49.112765200868
56.6135022879478
65.166583698105
56.2818938470959
44.8982885877448
46.3836636702006
42.2684290991127
52.1559516221777
54.8745737491392
75.770093210833
106.419759708497
248.242528076426
396.999811714072
370.479150583725
202.988214165277
98.0903224794662
67.5494782561076
52.9221966806023
39.8081670877573
34.29200985026
27.4532288458156
26.0621165057672
21.4893284137886
21.1154487727811
17.4676093452794
17.6976248501216
14.5430745915549
15.0370117898192
12.16306475459
12.9036371502565
10.4049940243619
11.429012159122
8.95700646185696
10.095917830805
7.90672360074986
8.87609761552176
6.67988168378431
8.32655864342037
6.31789474552453
7.75658562495128
5.70017951851301
6.91221512807275
4.83097301624843
6.533615247766
4.6991677776833
6.09622817192288
4.1065977788804
5.59611304195256
3.79292712541513
5.17986898469838
3.24618677628932
4.69338927740144
2.86692512416883
4.48321784220713
2.73019429386446
4.10047427713106
2.47705846007496
3.71065504420357
1.93474191666919
3.33172592400389
1.75064316730275
3.16420614040327
1.65778939923467
2.96726483303238
1.48874197812537
2.82993781228676
1.3414247027435
2.68761803541002
1.07951562834804
2.32637458520218
0.901110175462185
2.32505205659252
1.11913614604177
2.35937460884702
0.898828526323108
2.27894356060682
0.850875880339978
2.09625918058283
0.723297954334888
2.12006454742857
