40.1489887602586
110.20223123061
129.936651837017
192.248271589325
260.14940008513
178.804733119635
163.993395506637
248.483126533459
269.172357464618
275.912286209588
186.765355070265
79.8696550669293
48.4790597594099
44.2920212885348
34.3538148225523
51.6427551623222
67.3968647973119
106.330707360725
76.8092923365709
22.6097619399256
87.7168976775315
161.380916728402
195.158737539388
214.760730683677
243.109750268301
200.932448545438
151.490319432271
96.9199803033716
130.969444545335
149.248648455388
85.3335227401931
79.9111514042014
65.9166936217974
71.0906912475481
84.6507557702498
49.9717098661005
34.8794676957209
87.4197101046295
94.0136753111352
75.9030408017907
54.1399445946191
65.2495900506944
33.3117587592821
51.2952981637589
60.3322900128514
34.366812988738
14.5596101543373
11.7646975299186
19.6197666153484
25.5946441806156
6.25344460767113
24.8843875479663
44.4182543120344
36.2720439291375
8.25993769517175
29.7070730614209
49.5876693824452
55.4679071138642
78.0886484167328
124.668692513361
283.233651227072
442.628052712973
399.188969193014
212.543461065714
103.266669952767
69.3403762034172
55.797128226688
42.9016029926813
38.8101667791714
30.6973790672491
29.3932253714587
23.6666867906525
23.1266752100671
19.1478376187475
18.8920520676866
15.9677191668679
15.9672717746888
13.9140713591119
13.7798344874954
11.8879722940361
11.9368647377469
10.7680896817616
10.7163307118576
9.66767426531605
9.25592165653339
8.26486325222248
7.71871689224174
7.49702626598722
7.5498735508194
7.26791414411364
6.57011669940821
6.36008886601048
5.67038440790013
5.70531707408639
5.09603507075949
5.15835785384519
4.49884950278892
4.70983551086775
3.89911827687841
4.16319191328302
3.39450921352066
3.28094296145944
2.69988606499864
3.39003831427764
2.64151424905239
2.75200093164646
2.32963120065088
3.05068973013107
2.45371358486253
2.81599399499797
2.02488462859027
2.43094081551069
1.79864924544172
2.16169160868071
1.61776176399898
1.97883414319554
1.25554637936903
1.41321156459767
0.781367001837532
1.1764092396797
0.632559385593102
0.84003042224171
0.710461387349948
0.969351888139878
0.472265089969038
0.688637654811679
0.134742338339498
0.468490812595649
0.167616901358746
