11.8705712984081
42.8497821834947
18.3836463150369
97.5256831495888
176.916250870348
178.527747692432
256.242478110537
369.650666419859
392.393797645853
236.577694758745
104.155895972267
246.092344568946
171.094533722642
120.117773579499
185.041747852237
147.807056124338
106.809529535735
122.311913226057
151.812450191269
186.080824386486
209.380950453637
193.760871674761
127.311641120555
68.0558335817302
58.276292946242
41.0868147408344
23.9703505170585
25.7217304737397
69.2095011913395
90.9694798529648
58.3567851619176
36.2532912095883
69.9216871655573
76.2235937073932
53.771891982605
68.980419917974
68.0008749551581
28.1439756451792
12.8673792771313
12.865592653543
8.07420715866771
21.2959233003924
51.039657041852
55.9856586660271
45.3893728034029
33.3495519325726
20.9589053062497
31.4092333885982
37.8886772541161
39.2069585911636
38.0841720162235
29.4425272334764
18.7386739232812
6.88898868734028
7.6160112417584
14.6572551629381
17.2959054816067
22.1029772569185
24.9048863914403
29.1676293921015
59.6897814527526
97.2174430199119
87.5326131719388
43.7054893827544
20.9803578582522
16.0828639770734
14.1991031192842
10.9379596045762
10.7037635002562
9.64157223492784
9.9868581182966
9.38515944358959
9.44496817103961
8.88953714204619
8.93687271226244
8.69800102611512
8.70626061328981
8.41157877389993
8.34963564703186
8.12193080184984
7.92284743137718
7.98992371316225
8.00767430255397
7.91639243872904
7.64194204599156
7.6293487153564
7.45596528227454
7.46392842774026
7.39387830436926
7.37843952691122
7.20141150347544
7.20376670405507
7.09011138540234
7.17889057198487
7.07347991340155
7.10834437106973
6.97309114051269
6.95922577983657
6.86187133372533
6.94328209502788
6.87769948786828
6.77848468154179
6.80852495791351
6.92548862104906
6.81691983301325
6.83493702766333
6.8334266926846
6.51074617111039
6.45478437979735
6.47366546653202
6.54883513300162
6.48761478203697
6.49434668912307
6.39801793145391
6.53262321824687
6.50893218397188
6.52091451855844
6.39909887592331
6.50361465832844
6.23115148363012
6.37577007114498
6.24273772644831
6.23426278874045
6.23886968788521
6.43199906682761
6.27371828366815
6.42596068984806
6.30107610736975
6.41780612671328
