35.2769534332131
86.8574696458918
101.719729136999
124.651093526806
204.518709621333
323.280744951304
367.800317541446
301.074518113012
184.297562865248
150.756567994793
364.972511282302
481.015753415236
425.109273124098
343.256561397601
257.961810858535
111.098327312311
82.4019051418643
132.077259706418
107.02342551881
62.9313926462631
59.4956247942527
126.038416593533
154.681471447062
120.030087094248
107.575034191847
101.748381706076
119.717658336382
110.717109280517
112.947751856623
178.316597192731
233.494823862497
227.298468557955
137.03994717059
41.9794116743912
62.2975633652353
61.653861202192
53.0766194362282
53.0256471322345
49.1818400730931
33.030487236493
44.5401156606649
43.5524153620758
48.2858143479641
60.6667354641672
71.1036108351104
49.7683632805708
58.7088473750716
51.1260595592973
26.5330325685197
25.8390584316073
19.7415574909416
34.9608508119905
40.3406256305406
40.4148120849587
21.6680858081724
27.8124675284104
65.1016236200888
77.6734987911096
83.6108133508754
98.0904414483196
267.503915828824
449.867135967067
417.131171212794
218.273562614122
90.8475622794309
62.8589349926139
53.9518407836935
41.1738245422211
36.2121765532854
28.1761050060955
26.5312382437399
21.3807620538022
21.3340395447404
17.3173513769225
17.4501672541966
14.2059533915582
14.7757620230276
12.3303165666021
12.9188582863548
10.4145684702457
10.8859281817697
8.97663754675723
9.92087801646594
8.08893116228732
8.59546707462153
6.99271153533965
7.74182298306909
6.31653986360065
7.2796224582214
6.10726216529601
6.56896890915504
5.22907595655842
5.83910263183642
4.7731070285811
5.49266403922397
4.47257651954941
5.11482226665234
4.1373088330798
4.80190849138853
3.80069634514097
4.49963505105672
3.78678197354863
4.20615074338192
3.19106734828809
4.07157704225918
3.27601492226897
3.82555564552647
3.13400965714961
3.79144064833429
3.03878120713645
3.62803499460764
2.86015758998585
3.4242187084885
2.70280117619456
3.29797535526465
2.643646994518
3.34864709240284
2.62807098409891
3.06758920632547
2.40872043423143
3.12584588695631
2.57941514633082
3.01384546407455
2.39153496135019
3.10075471704459
2.55167326517822
3.14541200164665
2.46890374592256
3.05818386294314
