28.8771436242743
95.8926300709912
135.637794124563
84.873304247217
98.2421083593672
222.28066206589
250.853954360616
124.542911955562
51.8027405222739
95.8252455374487
126.548976444018
165.345600904983
125.772148729381
124.950885574479
71.286944108157
127.996208745617
139.38684611599
160.969592101619
260.383709656898
277.759882485398
230.863405023031
184.95510009896
199.898554378993
188.432299935059
122.113494870232
68.3325773544837
17.9128527958546
90.1995111333222
113.079731414107
146.083281922268
154.744102825709
87.7428345639846
43.8437029621852
48.1186597758201
35.2369205961973
66.8311112165665
83.0170096151655
58.1925157244278
44.1316929955536
79.124528732638
73.0624997183195
72.5519534184904
65.3416194910933
21.1769234161777
50.4832704685724
93.534543739488
75.4076443750053
49.6022272274839
36.5667831215866
6.51892856659068
14.739930736458
31.4637756099777
43.5506931949291
36.7066800567026
31.631342156673
32.8331830944593
45.8852140133322
61.5559851468595
83.3779288420631
121.851279054813
272.317308682815
428.035866773863
394.749938030796
209.213128668157
96.3121110039893
66.7595659122829
55.6742447025422
40.0923289607221
36.3990225739935
27.2505963815844
27.3219891475944
21.0542213596093
22.2735833968993
16.877654410314
18.4643849756307
13.9728776830291
15.8861145180661
11.7398855570259
13.7467400744268
10.1385414131309
12.4321880802236
9.23546234429813
11.3972982759505
7.79683098249193
10.2005201496877
6.91837573406754
8.94348538095153
5.90718019124699
8.94735918626827
5.84079453410546
8.06624861528772
5.14425666072503
7.61122103570708
4.78964152712677
7.37875285613707
4.55964538021451
7.00520323873881
4.21425533926542
6.82797122723916
4.13529500525317
6.59374887192838
3.68894779645059
6.23410832788075
3.59641049339862
5.75875992136432
2.99488995281494
5.55290345004541
2.98399370926249
5.69970090310586
2.92773133296029
5.3743780356338
2.7321092714393
5.32962214311009
2.6376021341368
5.20352183412241
2.49369576577875
5.08785648806172
2.38485078465397
4.93916363122844
2.3184829387413
4.99480826074648
2.54848713299342
5.37797326667807
2.5755689641148
5.16248795551657
2.48029823411188
5.00547957348336
2.30950128767139
4.9718969137468
