13.7664351535312
63.6347809778474
113.403121683625
129.833313161489
125.20815226238
137.248125678641
117.363220516504
74.1476379327589
158.842492671516
205.393222512401
228.491155737438
268.199086031548
284.874106487342
217.041364492903
136.192238486667
121.975226281357
151.017601774881
223.291883815761
196.548159876376
105.589071283125
71.5686338211475
5.845021830224
66.9022419249189
51.0692165157011
27.3347959648146
86.6971183065559
136.259505083397
175.077725591761
204.89028277133
220.112852711893
186.014923135823
128.095469497937
66.3381770217512
14.4718730534798
44.4024970173321
46.933935908152
27.0867734888642
34.678818042619
53.3995049858677
92.5845262344018
115.837150948871
102.83097717623
77.345561038301
50.7687794672517
41.6911291447269
45.5877158220804
52.4216503961658
60.5141410854634
62.3271308032877
39.8168801079696
26.1233224298256
24.7899000824253
32.7790119103361
32.7263118750368
28.565275795357
28.9475229131038
22.5934629397791
25.2021303803583
33.6740529774419
36.9101691844393
70.9101211048446
112.671677024629
97.082329618299
44.8353621347414
19.0196446377601
14.6688855688392
11.7230436522603
11.1956156149276
11.4710624454009
10.044876365837
9.90247153801627
9.35305077916057
9.39456888713801
9.02874050628461
9.17794705596295
8.86309066218127
9.10812182569198
8.58505249154019
8.59796217144847
8.27927421302341
8.7223607312999
8.84629389647927
8.75819923295431
8.345640163454
8.31092076190799
7.93675328832768
8.24370013911321
7.97614905656407
8.30009593203185
8.1712937373543
8.28267930762838
7.88838659210533
7.95515201587579
7.76257995466595
7.87453889308149
7.62306524264853
7.79876939897891
7.8132012986488
7.93510699756481
7.49545298984067
7.47081268475262
7.30499812548727
7.43999382953345
7.18360374131089
7.11487915505067
7.16668861708408
7.3755610167209
7.35463633751662
7.35441805823856
7.24326885024962
7.26577971711768
7.15809861611652
7.14724386477242
7.11655018795643
7.28863575954492
7.18252419763776
7.11006487569109
7.07801151934098
7.0379703405764
7.00950229678412
7.22347520558153
7.32221185144858
7.28850722202332
7.06271617951775
7.02590578596434
7.10374623280895
7.09581972980189
7.07243470759412
7.07949907801969
