74.8708852039993
123.256561448067
64.764237346975
126.328521561507
140.484491104723
98.7382496750573
137.284494321576
243.93819854613
347.113996578246
381.865309667556
377.994112501351
396.746914735694
417.364348453017
381.50325467443
320.349931884732
207.886487061054
34.3301822856032
75.3665101804695
55.6827796738555
19.5913370898418
74.395389087237
133.720606866879
116.885582934828
51.3451799920413
44.305573689876
93.6217239777649
120.385689605754
102.820732309528
84.5078839623269
117.721004468881
114.109609959208
87.2459379009112
133.94331919572
153.901870483407
111.967585783572
41.4700737987165
78.6139345293567
63.7066365856999
55.6507508128163
107.579327219266
96.2021387513579
58.4254380136282
44.7113519289211
58.3109198264047
62.4061906860038
40.6666625212028
23.6792747385114
25.8535297893812
35.6434956291255
48.6924588905782
51.1923884626909
31.1135254856477
39.2969582600985
53.7820015004183
51.3492509317333
54.2542696051844
54.1929647341982
57.103276428897
83.3221294989118
124.321615118898
269.156920974805
428.993056209122
393.293650799165
207.608554050804
99.3579035443199
68.0056953303266
52.6720060864453
39.0399248281629
36.1233036866803
28.5404786680069
28.0931364703565
22.0954289910997
22.0358514210654
17.6721555510529
18.2248100276891
14.7506938313116
15.5151693540455
12.4970924300332
13.4635554114519
10.730591006185
11.5900259083899
9.68361590011079
10.7665713626795
8.84401311219797
9.55881997948201
7.44678887392285
8.17199732373437
6.71355142608274
7.30175687742771
5.99342000418037
7.0418904794138
5.87520820199208
6.69570471194226
5.53474366652941
6.17714456676542
5.15629035597497
5.79253887882927
4.90664820878503
5.52739526300005
4.59442841799681
5.18569652977717
4.2779095175051
4.50144106555842
3.83921205119987
4.71828652080476
4.05111054590301
4.41774326989509
3.59638619297388
3.99696002858122
3.55715368637245
3.99149504743299
3.42559481871321
3.86568613277275
3.34526865631539
3.71836616361729
3.40211273984543
3.82330229207224
3.22926033368198
3.54235955288323
3.09700849408333
3.31857463899565
2.86802040586193
3.19968739403729
3.03595913187268
3.36007423853508
2.80289552598158
3.31816202343078
2.98084411118275
3.32756396437347
