65.1913935145644
146.936319639811
209.292117478329
261.311526814907
273.577672854452
226.570118943209
61.7768647959855
164.14144177055
290.249215137317
286.05175928904
271.263809546927
244.686368719569
178.467365557562
122.775311747475
81.1868782600178
41.023708884296
27.985144856289
34.0785722620303
68.246444158214
113.512563495764
160.022733774483
180.292110686722
147.572167792719
94.7787399997962
94.0206637830622
93.7679967329358
84.7368078051527
58.7001077734549
16.3876956997366
62.5474035887263
102.522899112716
111.043528080023
86.1303494673711
64.3527417151909
57.3537389365883
43.6395865097057
36.465050433957
36.0339014956521
46.6764318753897
34.5912774404788
27.5768379351787
50.1065150245655
58.3225384745313
41.34070227732
10.9950082475968
13.4468465657159
39.4027084772929
77.7790785581934
78.8717273293246
48.3378127936582
48.724250341934
51.333592201355
63.6246563130329
73.8786527974936
81.977487787643
76.2016157792422
57.8099006903188
58.0427644013342
84.4985756160275
119.364348004079
256.586690952259
416.581140656171
387.984991246346
203.903319254259
94.4867567941814
63.0317003863359
53.0197182483602
39.9298849835601
38.2121130822844
27.8496859199865
28.7143768072405
21.0160835031958
23.7689734802007
17.4771177474353
20.437008429986
14.9018506714133
17.9222490093052
12.9994692807221
16.3040567902712
11.9351386231318
14.9423390606247
10.8948027072757
13.4581836708971
10.1742581124628
12.8223939991247
9.33215646327884
11.4537448545541
9.24909711632839
11.1955897339704
8.88513540987677
10.5545556583845
8.75595534815551
10.0292602661455
8.52220071589227
9.53832962797222
8.33038472164957
9.02498602069654
8.39621155317503
8.81993082113983
8.19899455121873
8.23207135652682
8.08693202615399
7.95457083306521
8.11366177393983
7.7250025439387
8.4341218243337
7.8320727627851
8.15479723609079
7.1786758137386
8.1583824828224
6.99046613717962
8.16278804937321
6.823042736086
8.21340702673432
6.6931075862739
8.25887932897614
6.57085764169025
7.95250632326228
6.084977658653
7.84542438531274
5.9681093879128
7.90962075257335
5.89104097037706
8.22186308870731
5.96084961045791
7.99260392092116
5.84354198311761
8.00061488491758
5.82072027163008
