44.2779277811319
94.3547729463571
117.695240761014
205.161550371903
162.314643979661
342.428197958859
471.095024335302
343.857434337741
190.692149154032
267.227624013913
268.970256269504
128.215356100323
104.071967827596
124.963085019631
64.8373086983847
21.297679497091
73.4021631668299
60.2009110357431
31.7253479232789
77.7698279906792
74.1046741590568
86.5527092035081
183.306079339016
187.809269845195
120.684748941547
150.02156264721
134.432539894598
106.62062654092
102.240925485528
120.95054905405
168.882580674793
203.875818510656
177.597591225448
124.324337495449
76.411693948022
126.499722160648
127.810080351216
115.491630512289
94.7907897195274
117.550014717652
113.782086235492
36.2082512396348
44.2902653114451
26.2693152708805
41.9696797779734
23.8571837894185
52.09846231097
69.9791973343983
43.8070548656555
23.5402409920723
45.393237878365
48.6653836195847
41.0765888816047
39.8894604199622
55.2174313592982
47.5023500948397
49.2433811141824
60.95942327593
81.0583079458216
108.205575217902
237.278351626995
371.922457648936
346.034669960002
189.455124828582
88.0304378575155
62.0761302280197
48.7356613764332
38.0801488543629
31.8333250569779
27.4216604638037
24.2993632065825
22.1755477087879
20.3101753268669
19.164190194751
17.6299025488268
16.8919664983057
15.7283090421762
15.4621308813839
14.7926035312595
14.7106529613725
13.8278435399102
13.6122468606139
13.2359194394312
13.1577461295242
12.7888233422126
12.6625510435503
12.6074742226781
12.1512637479208
12.2621594603016
12.0079975654409
11.7584399321535
11.2295011685966
11.5263965004441
11.0750971094328
11.4994715411647
10.8609403154601
11.4541337507456
10.5935705864499
11.2246455512747
10.4334609192983
11.2957120976224
10.1373325553677
11.1435062487235
10.248180170586
11.3151345113147
9.92528080031314
11.1499164884363
9.86576797351537
11.1593531223198
9.77533811788944
11.0723523973144
9.58655463856631
11.1002756899462
9.60002347534561
11.0683545751679
9.40657063077642
11.0653418240857
9.43962251393823
11.1101550908605
9.38195836988784
10.87215276198
8.81559995803086
10.5474053255414
8.91322902547289
10.8549866482786
9.04298794809833
10.944746654204
9.10375934078468
10.9729582374046
