38.506304249566
57.2091612145423
141.025692019183
203.368675811239
194.68870538108
95.4469488447294
44.8201279178297
122.93246285027
129.652621760945
170.989744552906
231.362627294599
182.403452643254
50.47941342494
80.1587940423333
91.2495463682255
84.1707801033126
121.655674578818
152.518794577474
135.658783344118
167.396883778115
156.074639531091
90.2131289628433
75.1503386005173
62.1379689947009
102.568004521734
108.910543326856
74.9467972670004
37.4692988110821
103.661930001827
83.4672610926152
39.7668403636811
96.4061016268838
135.562674743433
140.836829178984
153.773123090156
116.756718661378
54.5081978867973
51.7093016072438
81.4051477099364
65.1991247492347
48.938477884521
57.0823230643958
62.4196032005909
50.2108199876133
70.156313456639
91.4234600368524
75.5786964743436
42.2754000039239
14.3427279747863
10.6539992896966
24.662981659613
30.0875791047491
23.5906192127865
27.7322104922521
34.0899915982489
42.912155528651
51.8201196620625
58.4325817251112
76.8118870824726
115.744558608832
282.208738855832
457.388659727688
419.969615262066
218.534377745856
111.035667213994
79.4587727630869
70.7151164472813
52.4312676957232
52.1169309976715
41.364654123679
44.3862430107682
35.4763560330925
38.3994726089061
30.8261333834096
34.2171374549213
27.8764483427433
31.1593376229021
25.5583105928609
28.7055953723033
24.0924934996899
27.3503741331006
22.985097907231
25.3216555330149
21.2722620116486
23.705408849678
20.8944514360614
23.0920804930403
20.3533919382045
21.978152336407
19.5360457412062
20.926692034413
19.3309709827401
20.3264815556123
18.745463469904
19.476972455903
18.4285921230568
18.8647829206473
18.0453775342736
18.1157033750042
17.9987202567078
18.0264701268293
18.0027667876464
17.4223815414
17.5340088411651
16.6019475494598
17.1890844182362
16.23250299315
17.1255962544964
15.9264958808568
17.0871067206256
15.6282824352577
17.0867101486362
15.4026301308422
17.0048300113775
15.0989065968178
17.0221840416531
15.0645457721091
17.1275176955321
14.9656550762623
16.9013068718525
14.249053910011
16.5916055048305
14.496040928629
16.807833568878
14.2271638093324
16.7222814055641
14.3034201653864
16.7490936059196
14.2732614121569
