1.27178889491278
55.4876577349987
152.702986380501
241.026817586599
218.325257435242
135.240272138584
193.537513152501
206.285903023982
147.549610492435
127.400668049434
153.474760529149
114.131518587021
71.5813269641411
107.091137440854
126.417537024134
162.293950155417
222.129530077314
210.540390258102
119.668891783839
29.9498333248344
145.665224920354
156.221852263121
173.991422458046
197.780252345248
186.447964856708
199.813264947243
147.938796333317
94.175794203937
116.947783131708
127.143415679654
121.154139907023
95.0282104006483
52.0817475667449
15.4078457986149
4.62654918941712
11.4918546219487
15.5092901486219
13.7121689613209
20.6867551093994
18.5447294739156
23.082687425062
16.6325389775093
4.9635801531947
9.93855405774938
9.93554642241503
15.7267582011498
27.1387133297509
22.2723525992065
11.3196392345115
7.322888664679
5.52204535720528
6.72262343314333
4.29961100703793
4.29713268681247
5.61690632451252
4.88813068412197
9.31902295545052
11.544731503729
13.5299256589059
18.1352821516865
51.6868550969449
84.7867261728539
83.608839212895
43.4888930142658
22.5174855462983
16.2332175824314
13.9492705088376
8.91716418049053
10.0005545110678
6.96553444293451
8.56673107551401
5.0961133744343
7.57946762511621
4.2777780675186
6.82694335369212
3.4032301732811
6.26370308562924
2.9285131352461
5.84084439656291
2.43121630374877
5.42821854308868
1.87485651217022
4.76753559543143
1.35771140572069
4.58778052356964
1.18953574255887
4.1762156201079
0.80104849900551
4.09312528229784
0.827983068980017
3.80736269032142
0.742277373225472
3.60608180155518
0.665491373695834
3.29767158221899
0.829904256016933
3.10416132878616
1.02295303840147
3.03639763155968
1.02303174829994
2.72090306183684
1.19313033917544
2.5330774119082
1.34441484563276
2.42837398779451
1.36194258514405
2.15048328132509
1.49946160926118
1.94899647487512
1.65801714836518
1.86416088156264
1.67627418924219
1.64119961708329
1.77072576267388
1.51103338225488
1.81808190299954
1.30635645712301
1.91998329194253
1.2069452793481
1.89133714775019
0.972689891363159
1.96589564559818
1.03108893618346
1.93395224201371
0.712097055521548
2.0513096820353
0.698063473593913
2.05076540230525
0.688020389195892
