76.6347184339432
142.655545138653
131.607226038479
173.846620331237
228.363084059205
267.281488482025
209.264629222616
121.216398398156
213.815255812105
223.764395706013
160.546154760163
54.9228601266288
115.599295793835
189.619589586947
171.326476996525
158.817513727539
135.898013542482
82.1276668663317
36.7248068906658
50.2550723503928
100.978390759238
151.728092781549
163.934597282061
122.58237326689
31.1953375423897
77.7909265031586
116.562731206997
118.561052378684
127.292420796638
113.508132536195
77.8343192567277
49.7701063915614
44.913887455544
31.8909391758243
49.6585192257388
44.3663538280025
39.4997550657157
78.2146990832435
83.8977076148249
57.262859474309
59.7891159438938
94.2298755809679
88.7745540071222
65.2361968907393
53.2844919125368
38.7091287574959
49.9018158746178
72.8896455294977
68.5115084136699
47.0924887613911
20.2836726337076
12.9485368242489
30.2780851547907
38.3951306296637
32.9709401572957
33.7049187060983
36.0929568870516
43.3173594058099
67.3645195590502
114.64175052728
263.456127386367
433.099205953522
406.443117509305
219.923527447792
108.791312041598
75.474453148884
64.3992770547114
47.495486977024
46.6697551997252
36.698234363915
37.7400714671155
29.774624426082
31.9533538200932
25.4520031281104
27.8391711176539
22.3765501674732
24.5855765942062
19.9559061347705
22.5035591613813
18.5045980043129
20.7717150253786
17.2983125428542
19.1686641071237
15.8767206360017
17.4889373006135
15.2050817493178
16.8887602897476
14.7706798151977
16.1051794858497
14.3065691311377
15.1051006427627
13.5796750119433
14.5007774464871
13.4242815083284
13.8542773247625
13.0058280343425
13.3258546306535
12.7159767991554
12.6600564993022
12.4054022943908
11.9979044108959
12.0187893844491
11.897038301735
12.0195747271795
11.3437284323675
11.9894869836312
11.2179033594567
11.8610694510496
10.8051028779848
11.7920320375959
10.5871633223101
11.6775942336327
10.3615977736874
11.5917401452971
10.0727441660987
11.5085532950553
9.84128933890968
11.2575422265166
9.56312513572174
11.1996207827875
9.31212528654583
11.3381044617718
9.69303313998892
11.5139179163109
9.58708755023362
11.4256993520378
9.50545531388661
11.443734526602
9.52070281919243
