59.8108627291436
145.227414972905
171.186391486731
172.220001905252
110.713421327579
28.6504541608949
50.6461844961353
128.964257135835
178.800868250334
173.908267217976
120.031552892493
80.133311831449
89.5365148734516
146.822264377757
178.851644020528
139.710232955653
130.189639110367
181.041614508257
220.256862992995
231.923805780729
223.280939218159
170.158061274937
153.93229828666
202.184972779644
183.268377647058
77.6995735448548
57.8475837868235
93.9559075922572
110.089746988715
116.151930611491
120.120873747919
129.434865791887
167.505285355881
191.636085734832
156.282111335892
110.774702360573
83.5655348036561
41.0304526193963
17.0978029860039
58.3090918097762
61.9242935634839
30.3644130599247
20.9733854623902
63.047975620652
78.1232534676059
74.2824695336755
68.3615027076441
47.7135162845933
18.3949690582874
15.1012286054238
22.7520539394461
31.3099487888152
30.5838186960109
23.9112844159819
24.8546148695075
30.1854540283248
44.3012294851985
54.1176461531428
64.9032319290495
100.130903939566
238.204236351215
391.010473330352
371.543282961911
207.605191476241
101.19610746463
70.3689479300966
55.7708554500548
43.5239269188323
41.4023302487303
34.3101679681173
32.4103115476868
27.1299418971617
27.1693052471608
23.1436919490818
23.4263440533537
20.1731889963344
20.9070269065881
18.3453468181252
19.1860808547326
16.7715592920753
17.3219631479964
15.1973288355051
16.10289438906
14.2520979555862
14.941689173263
13.4430926966784
14.117804918576
12.7791510289841
13.3075519078697
12.1428334897247
12.6190052673636
11.5687586407517
12.1422481198166
11.1963591908235
11.623975862536
10.837812615132
11.1685747446823
10.5164032081246
10.5998967546773
10.0131624338456
10.2554824592061
10.1269512708638
10.4592913964267
10.0568504526186
10.060960678043
10.0748885704886
10.0511237338167
9.68887409061005
9.44665378211179
9.46104389955205
9.43411991329388
9.41482573440769
9.16693920367364
9.24812334550369
9.00892622891443
9.23771237024769
9.20937890541429
9.43700116168478
9.08085825667474
9.34541181800089
8.94830654163375
9.22039449947212
8.75891680242008
8.8143532725083
8.50209349132499
8.89949171856857
8.53426982580801
8.97219792154031
8.60999264050924
