28.1526884222629
42.2973482736728
17.3581989768192
56.8374744836235
91.0463048545749
109.657939681895
123.203624605866
226.057233749445
321.403621010911
348.844864897481
353.625454760876
364.212133239213
326.153249790565
266.81304497265
254.765467189945
283.669216198986
287.87970596795
242.288191167021
133.159338942934
50.799929546346
74.0594243738153
64.4916317047682
82.3181768285919
106.552799397889
90.513657292599
100.687728943383
106.663519293122
94.4734312208288
115.457301550573
137.155994418768
152.23486843966
154.397956660937
150.868344242352
123.527152829762
80.2986868215732
17.0752003411494
27.9141577069229
2.8969153452734
37.4296615735517
28.0973857470625
25.2344253088343
38.4919214891842
13.9888725567535
10.2817781181774
11.2913227726227
24.6092449416293
13.5098867581063
27.4665897457068
38.2927151731615
20.9074569726113
25.5918637458859
36.6487172744312
32.9654809334455
37.5502289283631
50.325061712873
41.6713344777702
45.7534997909732
62.4652911915438
82.1418452630171
123.382433491577
252.953163129263
386.853138754487
357.774266326165
192.343602094028
86.5947282982084
57.0602675800935
45.1311156295543
33.6458336430239
31.6332136772597
24.4455460706052
22.8070918295323
17.8689013575926
18.2194271266484
14.2722013132708
15.0187887012188
11.6100997381589
12.8054369446191
9.91076028019912
11.1634987403482
8.39394746319587
9.85952789326394
7.19894287595883
8.5342948386647
5.98101734816859
8.04680341705368
5.50811993233157
7.41712943990498
5.0862257853632
7.19609334651145
4.70241908470122
6.53597987616173
4.22098953079999
6.38013681785992
3.99335441944498
5.9864096494377
3.65742386898025
5.75785049023138
3.47499100809318
5.47857052552089
3.10457256079871
5.22769511859846
2.82825903200494
5.27949466520988
2.85510660479033
4.69827767352934
2.3061074755502
4.95433261449198
2.56030542408398
4.91319266049082
2.33858694960675
4.7207680430608
2.22382220554102
4.56721633084022
2.04287002397628
4.49764662134252
1.93960621179518
4.4937368142758
2.06133165465005
4.66361822822936
2.06170999360058
4.50351490852392
1.80509431020612
4.19515019983318
1.6167559886904
4.53662137054082
1.87413929693672
4.40205123268358
1.81558458272679
4.41495916334954
