9.93228523508374
50.2637567224194
155.889438016529
329.480253195998
412.137776022546
364.05349132916
253.294435886316
150.047335116043
180.738614157313
211.550084706526
149.715008576567
62.4533454767061
123.35400510714
187.572749594969
193.668805341245
156.901780345167
101.344088326457
63.2249301881711
66.7448759128628
116.155867900761
160.577591157935
154.055559364662
110.405958603424
84.1184879104838
104.99269851358
114.541691602245
93.2026197321019
49.3173825659933
4.65095821819251
10.5911523471965
61.2949053566228
106.201665434488
82.3024904495832
61.8856820009023
88.3212612323048
70.071657642303
53.669354432401
60.2101924540145
55.8995332446937
73.227234209305
86.336544671607
87.8246633798856
85.7943541422359
77.5125425559599
79.5328753424809
67.6944560101529
34.1206809609989
28.662313177975
29.8014281511695
36.5413936036065
29.4135662216035
13.0146153603642
17.9341438825571
22.1144692347898
28.554251977809
37.1741738965755
41.3811419554774
53.2039035855914
59.9601090651082
94.8293327539272
231.676388650649
393.20993530141
378.679653024902
210.942897075971
108.792298239315
76.7284124897913
63.4323971255331
49.6841055966912
48.2817563333713
39.0686628909888
39.1718348339624
32.2472200908713
33.2729887140781
27.7675118468736
29.5086512354625
25.0013199833683
26.6827767769602
22.6409187327462
24.1445954258474
20.7656041645602
22.7517831716462
19.9025122865142
21.0306284519615
18.126937060047
19.6035246548899
17.8571542117834
18.9173953232609
17.1262602821645
18.2554984081035
16.5645173262788
17.1220076516936
15.708114870862
16.5979447172606
15.6393598642785
16.0732139888655
15.2860602280813
15.6136172476513
14.9441611657285
14.911741558832
14.3838454282719
14.3029679401855
14.4851607998887
14.4297855487976
14.1243164893887
13.6685573111677
13.9029175253825
13.4425124175467
13.864210954163
13.1732132298464
13.7143090188248
12.8360947748473
13.5118063387135
12.606218719
13.4264173454184
12.4687407530141
13.4675389769753
12.3575522314663
13.3161153512647
12.1221242790132
13.1450260903136
11.8305466690946
13.1446575052453
11.9136796648631
13.2836505945794
12.0360596881169
13.1942269718827
11.8649591871708
13.2512342528727
11.9479152392902
