56.2564043933072
78.289384354752
172.8859550211
152.940681881309
35.9068385631916
184.571632320507
160.52673482497
48.8313128083089
137.505164446182
171.388881303255
108.592299526585
12.9082425230846
76.1580603413076
108.724428336885
92.935757536126
120.306353231901
127.572043942192
97.2726472903104
94.5856910464507
98.2644933185932
111.946169738638
132.16291558592
126.051654904225
80.5486094778055
27.4828885260229
29.8438844505073
27.8505093309057
64.5670860902456
95.8526444140868
80.5072611451243
27.6016029832115
27.0407634102919
55.3328900404845
55.8704614327871
37.9147471687201
22.4241956500002
25.715703160825
17.8593104624015
45.6576732408927
52.3036398981675
21.6395719430319
67.9932984170794
94.2053117122085
98.0960186085075
80.7210654218644
52.618671587898
28.3189040243418
17.3318225136445
27.9901781305609
25.2005236198836
9.25158703264981
4.98284914062881
8.24410079142507
16.2802158234706
11.7090502798121
11.2205929407519
12.3864924099908
15.9867317580744
18.1088876978528
27.615343977952
58.4889603748574
93.1278852854246
82.2620913894314
41.7467748262664
18.3349855133797
10.7405966500321
9.09114283782131
5.47410071887066
4.53454107006704
3.63397530274976
3.20366602168721
3.28859710278086
2.59869938040031
3.50475247205625
2.36572983481303
3.48629412252184
2.21864844870953
3.46269778979068
2.28392508888295
3.74474969266033
2.47848317731514
3.74067716883414
2.53579456964351
3.73122512502419
2.50118841348776
3.54874682566798
2.50380520309956
3.33177754420779
2.46181756164048
3.34624363950938
2.66251400564725
3.35459509039658
2.7518532578762
3.28744185108152
2.82740983668856
3.20623129358589
2.82070767861824
3.10533647324774
2.91246557396823
2.9242119553767
2.76695346955673
2.856371529701
3.06817364095431
2.8183059290457
3.12131434429651
2.80006104656659
3.16746036412418
2.74532117546169
3.16946111543251
2.67363364293263
3.23461331092843
2.6230500682859
3.32007411266398
2.58455933365433
3.30173645367205
2.49955689910653
3.25381317659547
2.4691959120521
3.49114858571025
2.3986290304717
3.35132822310442
2.39081545291172
3.30300734190569
2.34396857642435
3.47648215477939
2.3878810226657
3.40732113540969
2.3330996163594
3.40760602142537
