50.9663866053835
83.7082467550416
236.601431026699
361.808925635044
455.552571829082
408.193569698889
227.489627703048
64.1729319840464
154.806716443169
246.775778465843
170.170562995544
42.5498690338953
18.5498978648836
43.4035549652285
32.3653907452379
119.429342126609
131.779923195526
36.4121198571895
85.8817548600454
118.891490935285
125.373647622152
98.8472300635556
37.9425348449046
23.2290167927731
32.6278313910911
34.6748794503139
42.4556950212332
82.0071333387506
107.49067592608
76.3567445779717
54.94577435625
81.9439595184081
93.1713356055591
81.6065111174591
72.0995877072031
71.4260536183339
69.9614313725497
60.207614396571
54.1105639389619
67.5323512695194
52.3215615401137
36.3249852151124
55.0314033944636
42.9673554209641
14.2488332817955
13.2947488832938
28.3742871060569
25.7407428963326
10.5931583767169
12.9456745557977
13.4530990622311
14.3680090300723
22.2708156481311
22.0048109764947
20.8494556027186
23.4582612017916
23.9197739738147
24.2386583989814
24.5274910240543
29.9377180788124
62.8231165920649
94.9131505083448
81.1597013944787
37.7780830879169
13.5106993040498
7.96028557717
6.31782508552604
6.22784169337929
8.00800360373301
6.62883300264913
6.96312405913167
6.09805181177727
7.02558726559074
6.29120141162738
7.03614646509222
6.34598214067752
6.97458819422881
6.37573489192172
6.93766433143518
6.47494798638276
7.00098959799969
6.57312326186227
7.00806648508039
6.302458641162
6.55779593190642
6.31872388021955
6.67661847551093
6.45024685350607
6.92208386379936
6.49709787501937
6.57151620867239
6.41201484063339
6.61951525140397
6.45226135177911
6.53223835475737
6.43093071370375
6.50673744227257
6.40853217590598
6.31498000681985
6.24167995486964
6.15412128350879
6.3671572634521
6.4214928759831
6.43322493911661
6.09537851962271
6.1623446030609
5.88756543273761
6.15725968628081
6.01777764707338
6.37424026793571
6.01720199764312
6.28251105134625
5.95394343961049
6.30268958870747
5.91182785936677
6.31857748733321
6.00366792253015
6.3871215875513
5.80672910052185
6.25713653065197
5.92452989640462
6.46452839797113
5.95270019443782
6.28615637333411
5.7673664080747
6.32777417260326
5.8702834513148
6.34776685431435
5.86138178142455
