17.0162766942646
57.942932724987
83.5406565357348
150.339954573
288.012599197768
399.518204897124
390.097251016789
373.188776928346
335.82648167921
352.86238268535
370.987961239651
235.069491706375
210.965451448706
211.893414104344
131.144408891935
70.2948265184491
105.683593816678
136.421428159127
85.475543971691
72.5814943115414
82.4361921524456
82.2648790499701
72.5139866693323
58.9324098235727
74.2177109100098
92.7950734116293
103.207926919682
90.3179981883147
62.430620638621
43.5998164047987
36.851450017637
37.258408314458
45.0788700626948
59.8973690626217
97.281434372081
137.335234238975
129.902999080965
66.6093459796868
21.1288535087627
50.0088754098351
58.5602041929846
70.3528857176872
59.0898705331619
37.0802673248556
34.9476947147005
14.076273742251
30.8221745015562
40.943975649416
30.120044053199
30.8821394126911
37.5117666852699
31.6164341755872
18.3609369429577
13.5696004107747
16.4923802829559
20.8301062120011
22.221650066358
19.9825238732011
12.3579645402289
25.5089442643355
54.4205016400676
82.4019456722993
79.2084928552884
44.5474778543807
23.8823458803566
18.4402327440277
15.1401167994407
11.9352777740237
9.9617457108998
9.54779023161724
8.7237280351292
8.05632391970319
7.4792233347289
7.29826731333554
6.86886285221024
6.76724508366691
6.38658388669307
6.19628556648586
5.71872572749762
5.47446353160157
5.44259340877168
5.52296044829892
5.44650043753407
5.14347400172564
5.33589629031738
5.06546949707721
4.83310105873498
4.50381829859672
4.60245291110552
4.25764269894688
4.84597543857494
4.33675502346475
4.73938623701881
4.22231719790053
4.71707069527877
4.08097283315399
4.61748638384255
3.8943506733371
4.40210709341482
3.66156671009934
4.54039377155872
3.72921919564855
4.42032497551435
3.48980643095802
4.68057125507184
3.77228011626318
4.46164192365066
3.29055714099005
4.3011953945543
3.22997800872023
4.32546460794194
3.21499955650245
4.36317326118326
3.1678354714917
4.3016541021192
3.12972307993555
4.55572277607735
3.23383552594679
4.20730333562033
2.97095002379261
4.34849002116754
2.96388656739589
4.2542115503699
2.98703188579701
4.2726079874262
2.93677612520524
4.40376160455112
2.9981281524826
4.34965795006341
