4.16678041141786
74.8707371445703
210.297373224859
252.057021553498
195.757471347844
113.093338298841
137.290683940156
201.888752985775
296.045880922242
326.100293509197
273.296048563012
267.046280403668
218.443840894429
233.203184207404
216.862381104348
149.929651488271
139.157485394143
90.9016221459236
46.7190055275641
16.0750582868047
51.7860610327585
76.3731048148113
84.9567956154261
89.7560611716748
67.4942845975179
54.4832379772421
55.5758302248141
64.9155642380678
105.828665580772
85.3905081444275
40.3287952686043
14.1931685191894
8.55185866502607
33.6752746991536
60.4043662633537
45.770839429242
40.3033931229708
52.1891053442252
69.1676484704085
83.7794652876378
50.6657511199977
81.4807432144133
108.639583484872
100.137931699473
77.8988503242383
53.8624922027713
43.3248790206433
24.0251486789355
2.72230850419008
22.5303604386086
20.9581914944576
2.19432660045241
16.8783881222958
20.1183234503719
16.3007822521884
15.9513939128578
11.7366248395037
12.9058234167974
20.4014650332649
23.805127327308
47.6263326064704
76.2493907964003
79.0078807299186
52.1880918557415
29.8064644586653
22.9420745362068
17.2843056469531
16.3893293675099
14.7275134792529
14.8539393178003
12.8851551416474
13.2420896633468
11.7095304242079
12.2245265036842
10.983804934767
11.5489380236568
10.5119622050843
11.0504865618088
10.0843488060261
10.5532624755205
9.58586771152265
10.0097531848102
9.44884056321357
9.7533997483086
8.84571918300727
9.27274597802012
8.92350469984594
9.02521770017937
8.55142472343218
8.49046279172338
8.07760416065836
8.19715907743117
8.1616960459985
8.12309910423113
8.0749830341859
7.92545949242956
7.9366327010622
7.63746115792021
7.85844818550508
7.45677306010382
7.78559980607854
7.42062004800274
7.7301424456062
7.25545164774053
7.7521178742765
7.18249228946638
7.70001664144975
6.9276488024711
7.61066759730281
6.84258173031075
7.57142231239737
6.75243375559245
7.5505876655299
6.6413393318487
7.5241504608083
6.61788319934367
7.61308521510097
6.53748926505087
7.42345237436287
6.4511374442439
7.55053657191909
6.62536668191405
7.58025535361532
6.35367749310185
7.45382248830882
6.39071230233203
7.51689628617063
6.43617874274017
7.5251056117901
