26.2875980322825
111.323878645776
186.473584824767
203.709927999546
150.027185342051
113.502977254206
217.472289329895
356.769889603321
383.327391827721
274.891306529797
173.842185002914
169.347309882251
158.951159593751
100.551049101214
55.3492070291066
41.2922079611514
50.8323797052649
27.0042797409414
51.3262149659456
91.4202441338979
168.161561547197
187.909548440569
207.142722756536
215.717790473239
160.067243756767
144.347684051338
162.984338852696
171.862524665961
131.916910555493
91.697499137335
70.9825039849576
54.1539582341055
45.7565088576922
54.2924304169007
48.0193688832731
4.34308622123679
55.2937936662105
62.5559216223384
40.857528046248
35.6942286237635
11.1997471653353
24.9470651975024
34.7127105578125
17.5269466055657
12.331127255049
32.2819950787574
41.5864584555346
44.6587929566493
52.5636140802251
38.7379956082155
17.1088560647635
31.0166690134431
44.2713826899025
28.2176252369412
40.3772882524618
63.3531893776185
70.9060563254911
63.9463904803827
72.1567080040083
124.873365632125
284.054202377589
439.125749846611
398.535564749102
209.76387124991
97.5605649517895
67.9375378408392
54.4915805478817
40.6615532630312
38.0510649173377
30.3159602683901
28.8558404038108
22.9311654601053
22.877290014187
18.5702768229596
19.0984772097686
15.4487636327685
16.0790225528064
13.1196032707961
14.0965204115938
11.241262442223
12.1030366660074
10.0051240837035
11.2366178575554
8.64138687778986
9.85757964382301
8.067297407707
9.20361916916065
7.30578739051562
8.19676316835069
6.20686954296743
7.28609021968888
5.57907511473295
6.73814091724188
5.17838690478796
6.31464908365149
4.75650525530592
5.78375719835771
4.2226864088551
5.43385302449594
4.06647634871194
5.2562269404419
3.77886559346441
4.88356069047313
3.61235999493228
4.440925069533
3.22439511841944
4.3891359861743
2.98795975754893
4.1347498641809
2.8927932373622
3.87285635072793
2.64194178148547
3.67532130014459
2.54334123945618
3.60438845885649
2.4676570735981
3.48146984017664
2.06042577688896
3.1164375671431
2.38697601692791
3.39140285669225
1.97119911759826
2.85098749928117
1.9756287176522
3.09152787071357
2.07784058684737
3.23028458464064
2.16215204155332
3.19855189604244
