18.8307374777764
104.029717258094
271.088697137589
403.030451581779
354.209421086667
187.415606559427
162.315334076584
193.160802101193
203.999947135761
241.68452475702
251.956902610128
221.345815076663
216.324687195503
192.789538156885
111.394872918678
143.808549742058
135.352032884496
64.8127063152535
23.7432076101842
101.255876922674
96.594133711257
58.8500502204142
43.5111023205079
62.3289401587087
166.014937576989
197.518106740252
126.550031891458
33.9045661631278
122.073066607018
81.8769757323094
35.2231585165882
111.355037446933
124.812945198426
108.083364346364
83.9397597496097
79.4081185614664
91.1463026234358
90.6805838440692
66.4000727071306
51.2552824183121
23.8638175018664
53.9390957435102
79.5722665640622
72.1655436925068
62.3790406568264
41.4194508944224
19.1615612349018
48.8393647397365
48.4078967486468
21.8389566118705
16.4116311143133
40.2236980066042
53.1450382315986
50.8829413257687
40.4578593426626
49.5934929091225
46.8523366148444
46.8860649297987
64.2399419422264
111.86890455189
258.863915485961
408.076168248093
374.846229668461
198.029519537189
89.0342615225149
60.2624998658529
48.7424668351304
34.8276762301656
32.9864300065359
25.0784452315664
24.614920387799
18.440826333944
19.2808895641079
14.5135330818882
15.7518842439786
11.7076977420757
13.0202067343192
9.61891637455807
11.1099982901591
7.97177863836594
9.48029923428112
6.67665692816065
8.2816654764105
6.37471817262634
8.08245188351042
5.96587365225682
6.8893595393182
4.50904779364553
5.72849975227707
4.25889185445236
5.46075603546063
3.93572770983914
4.92605569381488
3.44027177770393
4.30215633366249
3.00371208308966
3.78951995806664
2.71042554707944
3.47724552674996
2.76481189511999
3.4059084639371
2.54500900764003
2.92417775716289
2.15463629304903
2.55615780180079
1.98323361422659
2.24095637563275
1.86099347317759
2.01958128552751
1.62716525026979
1.72685203090864
1.66141472077654
1.57782412920594
1.58033615082255
1.39631290938188
1.43391667495806
1.18514751439646
1.37545804042073
0.981228133606909
1.42932122825884
0.9163616635588
1.24322088567024
0.749635744340065
1.66508497032982
0.859050112338188
1.03585544419548
0.270184934787974
1.15797685996315
0.364601343670543
