89.0830877366032
197.182463782045
239.605572903359
214.661506658599
237.740914742129
340.843774966125
266.602983821655
222.427412403479
301.691702637787
190.294331115871
99.5321689567603
181.554355789636
158.887210327272
52.6560416320501
112.418039957771
163.46327538843
119.602342165687
61.7995276955984
74.6189221281073
122.800763186983
143.155609190659
109.652350681106
93.4173318370261
100.212712978702
99.764376900772
153.106844779527
237.288269302158
292.702281322657
256.287363758685
126.545920738328
102.780989031741
162.386013548263
181.219739107737
160.064898780398
114.96723613261
83.3192623953597
43.7642700844172
32.0139021104322
81.6260576861059
121.156224699638
100.241843192238
53.819979088771
85.5271262594935
105.097277889985
91.0603508091962
72.0918649116853
25.7964294871352
52.8848270525733
65.8064149092676
49.5828796966257
38.4681742291207
52.1339063005586
59.2790982347672
47.0608236450436
55.7531553731056
60.7719154764452
54.9736421331561
52.3420125356614
68.6450725799865
111.022031716797
252.541579956078
399.390421438819
370.545865309003
195.303903519252
92.1799942338072
61.2398382832633
50.676305370648
35.0529683380676
32.5543658383418
23.3868169051482
24.7011809971875
16.9292871649844
19.5813926361046
12.9862205109499
16.4007598243754
10.2429997922802
13.9747241751834
8.10693777305903
12.3356163821376
6.904652151513
11.203308311609
5.78057971627407
10.0732602828874
4.51078371850381
8.61558575770036
3.92161907183521
8.26772411703027
3.51736782115835
7.40720620395267
2.87322263301165
6.85689703024237
2.84037043543471
6.27713718018002
2.6910312067902
5.86406044340923
2.70219255742404
5.38957783895389
2.75518536654952
5.11389485439243
2.98481597051648
4.68642107988486
2.87173725594252
4.45181563695587
2.70372892735959
3.72367199888522
3.02433032594449
3.53815270431427
3.10738774576534
3.13170549678364
3.17027473429415
2.78608517313704
3.31760876080976
2.50809708074968
3.3926463265953
2.22329130351093
3.45374513406516
1.90069400406777
3.33482162520025
1.29248994571174
3.73421755882338
1.29789375684061
3.68515436107354
1.02933820543494
3.78839344644241
0.746092395737098
3.59737188240267
0.423382530268894
3.77890314629311
0.42569518761846
