20.2094880441687
77.6945258097049
185.01819948071
228.24274087415
181.996939442296
120.149172211761
73.8952715235632
82.4958740821852
114.640454019379
129.092713333098
92.9506285101645
52.5798188710298
145.143871099195
190.903604229132
159.704330060108
101.071492429543
74.4101256699107
80.9173068022898
86.1143925567566
63.377637703176
31.6186636337744
46.6974213572066
22.8711319557246
29.2594503297882
42.5140268155937
77.407964907814
97.8876137970819
76.5528893046233
28.4163223556414
49.5947818089868
84.1710097984652
79.9073636183477
125.437761401441
133.492864585509
137.746533782074
141.045930574806
105.181770574043
70.0088166809811
46.9401022586172
42.3546472133954
54.8713539240043
76.9368269014383
98.4477279904528
94.0945761574792
75.3992205369261
39.5228420388277
36.1054251990279
56.9064197061629
39.1175559848242
17.2419345402697
19.2860210394538
13.7411389560251
13.7341408756508
13.2592277433248
20.4228820820289
27.41921134473
38.2427479741582
49.7476445202055
69.2469910416005
112.179512003395
247.819096656464
397.333295203697
375.058595248526
211.007542147514
104.223275423433
71.5345107294559
60.5516207681699
47.8825827900021
44.2923953014187
36.5845482196344
35.5469515204859
30.0808496823497
29.8234654113132
25.7259782484945
25.9937208184009
22.6040499161999
23.1567590531291
20.3638777238791
20.8933273885166
18.3268612692133
19.1338190468252
17.3310685765166
18.0455020286903
16.5264634255668
17.1415002731059
15.2931626770211
15.9548496844744
14.7746133564092
15.2805754665683
13.9223619872517
14.5667178291507
13.499028628652
13.7590142910973
12.9622533376718
13.4783542219364
12.7327150727349
13.0026740587608
12.3840964776955
12.5740187697444
11.9329749848526
12.1634567487629
11.9197845656366
12.0803306103304
11.6105611477443
11.434344034554
11.364971555154
11.5110095228992
11.2701032979617
11.2869471585095
11.2564613523786
10.9975132281085
11.0079475079641
10.8154480015181
10.9064995067079
10.6272490625866
10.705915468089
10.5405487310602
11.0383026670865
10.7812205421562
10.9011785376305
10.5995345133421
10.6298966109517
10.1207932568273
10.6157844174511
10.3786548319845
10.8881623874649
10.5063912381755
10.7511840286121
10.3640915994529
