74.8124411752911
159.994643821288
92.9904631716408
20.8529797684621
81.9408890124603
163.464533092995
167.824530657526
239.680920705832
258.451612568121
215.035623511492
246.208196976025
246.716190318969
245.787851764266
214.359480320315
163.254588221914
121.201310143632
85.6358787794265
37.6160558103708
33.4504881312829
35.2654742689749
32.4030486511433
71.4499947577155
66.5320843974066
25.4313616747082
29.6102947932233
87.2522503375011
144.180237917241
151.671297091204
120.530778116269
92.2852506941286
108.172733311054
109.287361901398
71.0230623318613
82.5645731157225
70.2878398457987
48.477801387244
52.7749295985447
73.891862120981
57.3462442710221
17.958622399827
13.7439503775258
9.68518103093618
19.2277398537655
34.9871047251685
51.4569491399438
82.4753638315598
76.3405820559896
52.9116157483693
35.3400568210446
7.64275238380734
53.3498598624669
57.2816723989498
37.1604717677528
29.2746543751532
32.8629435333041
43.6805109909706
38.850241282947
62.3533946174013
90.8604677948242
118.18499590721
249.2968260718
401.638429959588
368.501772445811
193.664034512134
91.3045834447363
63.3399664174402
53.3722428334823
39.6938109841372
36.6492995757348
28.0765154460475
27.8832523575775
21.8986945825581
22.972702606528
18.8534865051309
20.0023024886791
16.6532733696616
17.6873344319183
15.038778898071
16.0779675716713
13.7968364040578
14.8707773191857
13.6447204501691
13.9378074096713
12.1540210322199
12.9611178938645
11.7924645408109
11.9590926259279
10.935277587078
11.0984308696984
10.5436444431474
10.8606630292083
10.5042304020348
10.6017674001607
10.253042161431
10.1667802929599
9.98612514667587
9.80755716190156
9.73150135167089
9.58858670249517
9.61406233893015
9.20989749104248
9.4662982165387
9.37137920075144
9.57764746114914
8.79486702081218
9.05101283103899
8.86872865407481
9.20982199382223
8.67131196656205
9.11676384062319
8.61647094592672
9.00182536957761
8.43522645497926
8.86080457857566
8.30245524959355
8.80414670970038
8.24084336023782
8.94723194086871
8.37105668581828
8.91099430540935
8.34150532956338
8.71626623275018
7.96498631129749
8.66708476915003
8.17633659585364
8.57380591858758
7.89292288577422
8.53277809130495
7.94206322354196
