42.6875008661715
102.913309054129
130.164861189663
170.565519631161
175.173935309274
87.5742297451324
14.2118374537957
25.5848297198154
149.687591677032
233.231310085314
224.661889013211
243.627121533941
274.232562679958
197.80746310179
63.3014794057075
34.6401656316259
32.605291442728
75.5112554321687
115.303112375398
96.1727021956155
16.8610360044767
65.9496955245711
94.1606630879388
82.4187410107157
62.7324386877205
28.8497730199346
26.515607823133
72.7879520413224
84.1089778227832
75.776650747903
77.8838678104224
48.0532523863571
15.9125452525044
34.9690853067074
9.02007559522297
27.6168203117639
47.0572690604954
46.661411008919
37.8390303076134
51.9695550849001
50.8356267715255
35.219212233416
23.7418109193323
8.58412158679784
22.3718007011614
19.0025559804464
9.53097710644052
16.4315247551739
17.1471913580698
20.3380682726935
23.2654741498034
19.681285274115
16.2908565566648
15.5847577081904
17.3394505614891
19.5040903058146
22.0829447683213
25.3672536198009
22.8576881611298
23.2792551675152
52.4334333827345
89.6932018906993
85.4297324713463
44.4533195802726
21.4081285374121
13.4900664884244
13.3697063372355
8.83519073268898
9.74204438667107
7.13387679967869
8.81996453186942
6.00801083052658
7.40017225118198
5.03613169332798
6.64615072804839
4.58137115614364
6.09857716877766
4.2677191146361
5.72377819420603
4.25988816439381
5.53388772900195
3.90941395181238
4.9837794937134
3.76273992213926
4.85711759285994
3.8636821086707
4.60960707963128
3.51592604718172
4.25388003049301
3.67362925790536
4.19520470696848
3.63743379501888
4.01992185720844
3.54191407921727
3.78591858028146
3.54371157420511
3.69476062446845
3.58852674107334
3.51969648993464
3.50921274006015
3.43476797185959
3.6179312611698
3.25642204518208
3.67062605208387
3.38308276029568
3.54107571426186
2.93938889072382
3.58671592920207
2.93481038993321
3.45911143907079
2.79057258940386
3.5577283403946
2.75722234500973
3.58760444712008
2.70197263364961
3.67200348347195
2.6545684007179
3.53314342117979
2.57611649231572
3.62809793519902
2.48262392311046
3.49106074873717
2.36136462207888
3.70450051091496
2.58303924527608
3.6405542604292
2.45048373706734
3.64623506951574
2.48344272702922
