11.5285712546269
106.495833211535
185.730972295523
220.424605043929
187.149051776553
208.069076400376
243.711605765753
178.512561634406
326.706091721626
363.516940250455
282.416561166023
294.997687804215
244.869008003979
137.350992496095
87.2411048927212
117.866213848698
149.301916177782
113.922978874227
46.2244602480165
62.5281853849297
162.676680096885
184.402207922271
110.751105346205
64.1074681922419
83.282961410511
48.583103548127
55.3040590292703
70.4530630201376
84.3477428121446
132.433272705974
159.898445327166
134.301463251528
53.916958300092
51.318336266845
68.6213278639375
53.8625451313341
35.0260555944295
23.3231576831449
26.2375487180414
66.9797202446481
57.628885447373
24.8880961066766
17.7016085438406
42.7528212174947
49.7046295232356
35.4727776622381
19.0561425691522
6.37148275792801
24.5857170250259
34.1697708823354
37.0345736628241
19.0768418993686
11.9041387638901
22.0904338926948
13.8853807972844
7.94718264620842
6.65525282461857
11.0008200820575
10.336617971104
17.2497471838283
56.8815410657797
97.4115077683353
96.2406637639823
55.9893791901153
27.7492634116562
22.1198472714544
17.0617086049465
15.1368335575911
12.7061899501423
12.2338184866695
10.2580787453628
10.2573281751656
9.01211592657027
8.90115680692081
7.86881795992549
7.85182790517803
7.14430323287982
7.09038549468549
6.35770171863171
6.21087862235745
5.9554169010074
5.86490685183839
5.91636936606435
5.6077517936986
5.41135045789472
4.96467123171377
5.01492507165092
4.65168316845581
4.89220163724131
4.33966641593161
4.757317748191
4.08435209700825
4.42834250125519
3.71324936678057
4.29519563486034
3.50361159032506
4.19292037423399
3.35223152495811
4.22116865114366
3.2006557206853
4.03942381394386
3.07568029432074
3.8105185490569
2.77038664169505
3.88216935917722
2.75672485538092
3.76761937180183
2.49783227923701
3.57449024361082
2.35893374798313
3.59564532224958
2.29369333494687
3.55950642441649
2.22433776578566
3.47778154928404
2.13065098672149
3.60024508958106
2.16230136396231
3.50319860491158
2.21862898360269
3.50240043801257
1.93464445656314
3.35083733130129
1.89700602660842
3.38094185075406
1.95530475147982
3.40003718898095
1.95305503973278
3.43791808669614
