23.1531043857967
52.8574107365005
59.0560966611837
79.9441241291284
144.537262400555
207.184543359456
143.056579370869
174.954157806843
212.353055529369
160.324462583229
103.394757068674
35.2093558261752
81.6916076085354
43.0249718028108
23.7983256670098
58.773050028293
56.9330509745448
16.0425701979759
71.0575456358056
80.1926597340288
70.5987232300985
103.979681346198
176.362880642249
197.693134870538
160.833102056308
115.353080655231
83.8490935748291
91.4110249316842
123.431377423039
138.129589722866
96.3422349638355
64.1727750454443
104.370452844315
93.4635808063098
52.3412816539294
44.5548973729956
58.3830683190173
41.6674138635191
16.4881469106421
7.35124826447865
38.1134206462748
58.1686080575968
52.9152127723126
37.584296818894
31.7136192275623
35.7794907150006
54.5752459953648
53.9402724701122
34.5022061657693
23.9900064526729
23.2143246571639
29.6063067436331
28.9954704218628
24.6748566103285
17.0274574266089
14.8962307538099
27.8870246364916
42.8595724993769
72.7388651151943
113.794279498568
251.640040580107
406.23508626143
381.326971145481
207.350129194536
102.118313540151
73.9485709886299
62.0523972503911
48.8451539487132
45.874211207202
37.5774274166757
36.3171626987113
30.4576743858553
30.9367384594753
26.3207583250817
27.0636382322609
23.2581926637864
24.2156727583101
20.8704050942654
22.0282969178083
19.2362084014077
20.325615642748
18.0131798240382
19.0447690488949
16.6472831463408
17.5863103523156
16.1337365271145
17.2406116504276
15.4368465356458
16.0312996344037
14.4385428409323
15.1432039485579
13.8200573116217
14.3551659637907
13.3133913090911
13.904476080428
13.0444299361635
13.4911331332442
12.7108135640852
12.9999196464289
12.5290553675934
12.6643944598835
12.1514372173231
12.1577321325172
11.794235089024
11.7749663929908
11.4224876688615
11.3811966191073
11.5192084088266
11.4817924039539
11.5129608084658
11.1418042350545
11.3020989720566
11.0090169053701
11.2294313772375
10.767002331724
11.0226123814897
10.722048147487
11.2500319046385
10.6677516927556
10.8992365527841
10.4113834944889
10.8300544680034
10.1926613358575
10.8542434189044
10.2461651261154
10.8422885853811
10.3524087203743
10.886633725026
10.2549842059086
