20.6181547133954
43.3826060529558
47.1950889950115
61.8551740616572
135.306171383902
252.313905782306
321.054976779224
272.994565197431
134.120714637939
50.917627483121
98.7148447350854
242.284275168199
283.601867309443
184.133273154485
125.329416814529
115.203555357905
142.097387114276
227.704640651773
269.552507070349
172.057704076785
64.933614908093
157.340201859915
139.483898053182
118.57131541726
67.7542277990851
65.7858124761345
178.560976880546
202.567668514595
132.942236592044
126.230288503807
141.943372367588
76.0187807379868
3.61415166829758
37.6637259951992
43.1148709582184
35.0999788518552
21.9418593184616
41.2616404767492
68.0067528319335
64.44739932789
35.7309421666219
14.2627118480364
21.9479428104616
33.095575181861
32.39779006171
25.8071633511571
24.5525182444599
19.5021864184521
12.7832619170454
11.9403911344209
24.4639584333255
33.1475437601391
21.2465301843391
6.71025346336626
20.6259300925068
22.5877704110516
16.1974673132327
17.9971537351541
17.3518543902447
31.8759356892644
70.4035485289252
111.352248632283
102.138847122906
52.2666095764395
26.6415659481419
18.5257798613031
17.9786868744252
12.295059368845
11.9357511281068
8.37031426473591
9.54081420869295
6.83248189656853
8.2382013062769
6.08154328199667
7.40283408357239
5.49902160374217
6.67468462186147
5.01897361622966
5.9902465543454
4.70118040682439
5.70951501393016
4.76156358353178
5.57651320390699
4.69928387196198
5.40815731824892
4.68327968828018
5.15369592247389
4.54329769627272
4.82145104311715
4.18988654434048
4.45296087411906
4.1839793179944
4.34100280192607
4.12835459283437
4.12247239852112
3.98533351136531
3.88186597706122
4.03713698178218
3.87030042498929
3.92227547519171
3.61302981761396
3.78728870721551
3.39724624806968
3.84553844349895
3.31758623603454
3.88872740173969
3.3216984833607
3.94925278812844
3.32443346071532
3.87253415736411
3.17016241378674
3.87987509118647
3.09663434724122
3.86301943781421
3.07362582015965
3.85506698280238
2.9046214691573
3.88401321730687
3.0318356099265
4.17162803303951
3.31173141505608
3.93990928465478
2.73402337568974
3.70190527407033
2.88334478379778
3.88362643201655
2.81892774271202
3.8030708986268
2.83889685307562
