22.3700461039306
86.8767755707046
177.735101501832
266.141892441802
300.568160167875
260.048109127853
226.624995630524
273.311488486337
356.611970428883
374.780970338604
336.834769904717
318.288708699723
263.363452614422
233.952941338587
196.129443503523
162.457067927917
137.195547492077
74.1090322726827
17.716922840482
69.4127120643298
85.7429632012601
38.5108022749817
31.3976260809399
143.176181117086
219.993262490774
196.569004332448
130.39113243088
72.9058542650412
44.1412466412263
64.8770294622141
92.662729997244
68.4821815082121
103.891147062266
145.686822550222
130.772007628207
82.4044512985652
26.8667453672255
61.0547256814769
68.4352871707878
57.6157453571729
34.1212301215283
20.8625550044281
9.3847210493852
7.36678775466032
24.9805038793242
21.5782772582283
29.7103951015664
34.2279504547423
56.0763280148974
59.1484389748091
38.4521282272284
50.1514363336134
46.6799251993764
38.5185862399896
21.4626468089368
21.6805173904803
40.7280262154543
51.932080929625
71.0004494735118
106.350243873354
256.456475698178
431.539845124838
407.12588677451
224.632925990333
109.141033063014
76.5319729166977
61.4867734012923
50.8077953317923
45.7695615134378
38.3116799765242
36.0852013110461
31.6156389294246
30.2519670788812
27.1927363875771
26.3936273575594
24.1565787614024
23.4291086109536
21.7033732937874
21.2795361552342
20.0535089915923
19.7217400574114
18.8068275972369
18.2635534946315
17.7454148248125
17.548562773595
16.8548048878926
16.4177789831068
15.7817152038618
15.4649862097539
15.262616299559
15.2690885217294
14.8129513225615
14.5617919047441
14.2318305192919
14.0434519866708
13.7732016523133
13.712518719356
13.3767633341422
13.2553903716873
12.9499046887003
12.9201861690022
12.52592325221
12.605955910264
12.1525195451858
12.1308634709397
11.9221624271776
12.3095998995711
11.9326824197004
12.0353240625444
11.5927370507758
11.8856925204865
11.4877163690272
11.8033368449771
11.3501958691577
11.7374420148451
11.2486926794638
11.4435575977351
10.7757477795657
11.3772649258194
11.0280032208335
11.559587042183
11.1108189023021
11.3467981665713
10.714646696424
11.3298139862791
10.8174695422813
11.3546823450222
10.814883922495
11.3538148592134
