33.5153698071718
107.971031531555
141.133464144015
50.3355155123447
158.026403894332
304.232482502512
352.708853407021
318.143441729614
118.225854384981
170.651377215975
354.901761508029
438.711476017709
449.00933024102
365.095559789486
314.986316814654
213.559610775062
56.3238344783773
82.4678290070339
66.4856208216798
78.2187251421713
98.349573500108
150.553697540766
184.822925149191
185.984861568852
171.671140376904
145.998572562065
77.0794116121383
42.2678146794338
90.1457899735766
123.338865225734
134.258815652928
92.3401137356316
62.2003052384102
67.9634956536912
47.3159053212194
68.6530491617072
111.111917340281
104.934074753119
70.9528650341846
33.2434593244322
45.25875258778
52.3087539568201
36.8899960482129
38.9845554168913
38.3091831598818
31.7736629645464
24.066057031712
23.1730641542476
27.5733960652642
16.3263439416435
10.6182991365044
21.0000721067873
13.087336456168
9.38750808803279
9.04396943389139
6.77443004399349
8.99988557331074
8.08292750022526
17.9188248544716
29.3044119926164
60.3962849909047
100.588823920381
97.453198727714
53.028007942342
26.7330341144304
19.537064110317
17.2248051431549
13.3475747873528
14.038114711685
10.3609282638466
10.9456527959765
8.95657506122879
10.0461274588218
8.07260176610751
9.22810112871279
7.46219379773094
8.51518449136022
7.10429445182405
8.16324541012288
6.64538164913308
7.65320487394172
6.56118091774617
7.41493182733875
6.60030117472846
7.38474354026802
6.42107961423913
7.01398422853838
6.05602543842739
6.62925717899445
5.77475419260606
6.19176288948353
5.75918514793165
6.1482553964122
5.75696808739193
5.96217988149497
5.67196030700464
5.788656015743
5.6440872098892
5.61953915860624
5.61818743705252
5.62907584199445
5.57838073223194
5.37602262135544
5.67420357476868
5.37053083023388
5.49981582091424
5.10307698713932
5.42528634117837
5.15214459935492
5.59353947402295
5.03990292219189
5.53795303900471
4.94989965476218
5.46972398641329
4.82932055964258
5.46045287934109
4.77675876611758
5.4516263371983
4.73569770404307
5.58304910050109
4.86995756657928
5.52396960889379
4.66107737249239
5.54878671467677
4.6964520299717
5.5376883287179
4.69516140587219
5.4774017539098
4.63284822661741
