22.7632120855562
51.1355952482765
57.5574208070923
95.8179624029322
172.647328417338
200.423568029704
190.4926725987
276.952381368243
377.023507862122
338.281658008394
162.445155698865
129.844021191738
193.564590201327
182.789700808393
155.725189585328
153.575115248984
148.915618478538
117.909445244626
119.025566795611
97.8580197943716
89.0784139650093
108.031822721002
63.5251056745727
49.2684987324224
39.1923618568248
97.2901332198859
142.288169001644
132.585635648858
87.6403170097383
41.0909637211539
45.7672273498823
38.5393160678812
59.2543101268107
91.2104325860566
131.35218362025
159.30881938189
170.664740120744
156.089325402256
123.242235868438
112.937182571508
112.209515690834
91.0000861353415
46.7983114479011
66.1598006251006
77.952592326182
36.7051450753536
45.0118752805497
86.4753318374146
69.7795478999597
57.2986046671387
42.7103091926631
35.6194040596226
45.5092971753612
35.1810785629597
45.4365607933667
58.3265925665423
59.2864604272363
70.0140722418388
84.7356753434602
123.886646553743
284.376808756531
443.878515797671
388.774047997781
194.670623086003
84.6543878200488
57.2814521474103
50.1224184656529
36.7862830885647
32.1847344174394
25.4882423135835
23.962343364673
19.3738864525677
18.4161867915908
15.9220443951965
15.0364813889821
13.5908612543884
12.3410990102522
12.044109240564
10.5660873002782
10.8878126410396
9.3526277165645
10.2828611313584
8.60287938857202
9.42570980259114
7.55012323010289
9.33417214340268
7.27627807438313
7.76917546674619
6.36166600010924
8.27548672266069
6.83504609085389
7.81631829942284
6.03882050386223
7.26708414269222
5.9785499830254
7.01164632687884
5.91221341500324
6.7838916985118
6.01716604143877
6.65779993269919
5.77034006624273
6.08319504995635
6.00667362681544
6.4770084406807
6.03257654402814
5.96265823771261
5.92682374307142
5.87168028369245
6.05326779477492
5.63628280497773
5.9475052090693
5.37429587469623
5.99219088778392
5.22080680720103
5.91489596603584
4.99496247816332
6.11409775640009
4.91582460079743
5.95802222219195
5.01001856280961
6.24997591686438
4.85968785547118
6.17171241383691
4.66213249774022
5.89972658913485
4.54632635159947
6.11194212638453
4.70863147408489
6.19223053915892
