24.713376260149
56.303804384887
87.4594963030932
170.364743300618
274.962035127307
314.824456147503
255.694670305634
162.439315215565
117.91838207549
108.324051943404
75.1705713203463
81.2650394735989
163.420560163459
227.737458650291
206.445092106978
140.868618978163
132.109958328471
204.853541365291
261.419552197496
228.815564827075
152.025338940246
97.6202361044473
73.2223311742437
69.2713055965758
69.1881225551505
65.6757495455421
70.3578170583783
72.8025708521844
78.7812784082633
38.4736829931655
33.0478090339734
37.3521479141423
5.03227366406363
14.0618895455559
55.4539601886586
98.3359707165273
78.5123095098861
32.8897434941453
37.8183120080014
66.2610452491211
74.9817739982212
48.4100397896942
22.1734706455985
38.3786284702529
24.6736580621737
3.3301207004978
32.1360770355578
44.7668320916981
29.3511150255721
36.657466401811
49.5337832697717
45.7471719999208
35.2378533702677
29.9019190695532
23.2306079786907
19.6602626879798
37.7093784377394
53.9626833787749
78.1835343065312
109.178740285566
241.761774702812
393.073280376409
369.693898158164
203.132424810185
96.4171919495905
64.8299851395592
50.811304216211
38.7548515749528
33.3921077471802
26.8815594616176
26.0513881062582
21.0092670886389
20.4631403878733
16.7743294483052
16.8849441782249
13.9746658496916
14.3235673044592
11.8550862519435
12.4180607697005
10.2170557127448
10.745818802178
8.90073445441611
9.73950489044822
8.35700542754206
9.0033700919801
7.15852405130394
7.687697886136
6.3850243117431
7.32735204968735
6.11250999214527
6.62475084720978
5.4741266158854
6.0877178189741
5.01713519877362
5.7122939646114
4.69790216006847
5.3592832658942
4.52636330332884
5.08131897061147
4.1880785993803
4.87225384091915
4.36020840071293
4.86982371998037
3.89150718873114
4.31950196743006
3.4479406209659
4.0993266383801
3.5467033305979
4.00509625786571
3.38671819714859
3.88612244447052
3.31026285283684
3.75765143230142
3.11586897890742
3.45742678876653
3.06556849168043
3.65066306221515
3.18255220967669
3.52668242735934
2.88658837687166
3.4035495791122
2.91655944585017
3.26593749064868
2.84849554171857
3.29732769594192
2.97656871785966
3.30830700440281
2.79941350109058
3.23880717583944
