74.8386434866103
158.215224473662
192.329243073269
334.736438311343
371.198358377564
190.128631028053
214.213920560594
394.36080724529
411.419348804875
266.245399592807
89.2790960383875
131.769801578181
217.363409799584
184.555109997017
48.3934387565015
158.027787873927
202.102864662078
121.729994169384
39.0138159113502
143.51031453642
162.14144764612
68.9160056347629
85.0668254110941
159.738264989843
163.900929563053
133.447517174906
70.7281310183475
90.106703059119
120.378043349483
88.1800221066824
57.8256757102187
77.8431192998012
54.0503061513791
63.0899499089566
50.9502605558255
42.0446109976668
63.3508354317087
62.2355986287672
31.7916301399592
47.4338770032928
109.769899756967
128.249012646769
109.334733944146
101.882599694243
66.7944829768348
21.9154872252998
22.627666629367
54.9801954365366
80.3481876255331
87.2822188347847
93.1620887723915
97.5660887327803
64.12730012551
45.7881063347077
49.7854821686483
54.0502832637094
46.9382509665829
69.9897862612381
100.707031626593
140.300793187472
302.631088817598
466.780461511191
408.384451685062
201.384345291497
93.39512714601
62.3217803399291
50.5452333442671
35.3589693503613
34.2969449348867
26.8822055623436
27.5656368562115
21.3789618756125
22.4598535710646
18.4118438726109
19.6362247791029
16.8782726542
17.8670179238648
15.9077112800824
16.5300072513947
15.1730271520707
15.7254690111723
14.9497387297804
15.2348889183339
14.6654801569556
14.9894046501327
14.5085652212047
13.8508418519604
13.8601105271265
13.8361902405729
13.6376146781506
13.3018915875549
13.3849839824637
13.2368919853061
13.557284284449
13.1325460755265
13.3701353414611
12.9447477452444
13.2725182297146
12.9737075585379
13.1773071297166
12.7876352725373
13.2331544374539
12.524097509645
12.772216337934
12.5196315212113
12.9341294123604
12.419165336634
12.8481358250766
12.4897185368874
12.9147277039188
12.4787684514184
12.7898988930514
12.361031433432
12.7239163907826
12.2627038676056
12.5988175225603
12.2783129868318
12.7302208665615
12.0898111224928
12.3695699320074
12.1849351968225
12.511500701056
12.0776561346915
12.6692346358846
12.4232919994675
12.6746249775943
12.1765486286044
12.5830410704231
12.2376912445993
