38.7709809343277
93.0328463817974
79.8125878455688
155.640325780417
69.9657162558319
306.932769776854
393.601918971933
206.465271993621
169.954830447746
237.878920194465
150.450418690574
145.857429789879
264.855279182205
291.158586916588
246.220920295986
240.110687699087
170.687266088734
129.475185272554
134.801269408575
51.3635230425975
72.0768548788305
96.7783102797828
69.511853301701
71.4174206014498
66.7400400730643
71.074288362076
53.3523305452508
139.801034704725
234.17752526034
245.737370607787
170.48986022357
107.464150591397
95.6399796003684
76.485049396728
27.2031728916982
70.8304240968168
144.647386905128
197.730831667911
181.047069075891
94.4569301697202
15.4960361334698
40.0720729393644
49.7026511990016
72.0078234406172
85.8682120920921
53.0090633797949
11.5681385999242
1.99009562537128
21.8484691948861
28.0650526544121
19.1417635614451
25.3623303091914
21.2603295294508
24.3782114042993
10.1738187279141
32.7053369871289
56.2990996996186
60.7717818981528
70.6088053527801
118.922338913454
273.616315057946
432.356157967345
390.613634140229
204.427640676742
101.231860496081
67.4670675932157
56.4121750857959
39.6535018143365
37.6315033832706
28.2846500509054
28.9427752597102
21.8858968124843
23.1528061837691
17.3713260764614
18.9154969520955
14.3236914162925
15.9065411075074
12.207331407692
13.5187119817041
10.3833788697588
11.673239707611
9.0009969164688
10.0404879783421
7.84957232359687
8.86709877009375
7.08674169534532
7.77510044943434
7.17418455101222
7.42692472883395
6.31186124073107
6.31545841266644
5.89334593890104
6.19900474214572
5.56230193808175
5.27499670978864
5.11054037267515
4.875589124686
4.72080310833452
3.99910390593025
4.28364272703318
4.03375961258434
4.66281075228872
3.79367811016332
4.23909889405859
3.31857175491646
3.76057807008313
3.14268678749669
3.9387096892212
2.86964322341489
3.54227872488373
2.5396730380431
3.4666310679977
2.44155148968145
3.36117774126242
2.26283228457367
3.33735640375381
2.14715256278451
3.20325494164516
2.1734216406212
3.10377787301937
1.72996722879781
2.67737562160511
1.56293395867244
2.35266801379866
1.32934520748629
2.84962026698386
1.65128341536391
2.7708685591155
1.61733298424275
