37.0483726729355
112.789302814552
146.346695272079
139.479758002039
120.999312398519
65.533355193325
38.6231808767169
101.616990831312
226.583593453726
468.941711717844
576.766286183842
460.747248169859
269.436194512369
133.365661935403
137.225613105856
218.520023691868
230.104478413803
210.79328556664
181.368651368133
117.338569125889
30.2598052632088
64.0809335629076
137.738759029259
166.041486914568
146.373826196672
120.835856090437
109.924519978282
79.879355868924
51.5911596621826
43.2107199275723
4.11086893337173
53.318232719556
69.1975576061251
57.6217235833186
45.3431329558226
26.5254646102719
30.5863553958586
57.584276985654
65.5962204587402
47.5350265458343
36.323766010865
40.0296347981649
66.7632814457225
62.0167122576478
33.0696658113208
14.8763673087182
15.0110018153581
25.5892484294729
31.8484276055578
27.3422903409632
32.3814833899244
36.9231273819077
25.2348958339823
18.1539269123595
22.6969690977935
16.1214772412355
19.1718905671403
21.9039379362636
25.5062531952296
31.1578593138873
64.1327659075268
95.6303578402286
83.7051518607912
39.2014280432951
14.8332636586338
8.15290219783169
7.60726869208916
4.90063960047124
6.68700038210703
3.43241857786899
5.80831052341201
3.88148524729605
5.73939077981575
4.02879151349453
5.72044332952339
4.32508191324157
5.72577279337307
4.41753812989678
5.56013201110258
4.51975459555316
5.50551205761833
4.59167470446968
5.30754424094144
4.67678777953182
5.45973401439073
4.91126127494159
5.29535487894528
4.76059619823806
4.88380581942656
4.76588721954571
5.09095523738681
4.88850383567063
4.83830281330474
4.95952198353863
4.87368620463386
5.02264650625621
4.76052351026248
5.0555780882496
4.74182040516581
5.04387905080216
4.41049397967547
4.93251428050696
4.50418519586807
5.1852586117309
4.43803793250737
5.04586817059135
4.29568549050622
5.19001891686345
4.32459036548325
5.16221688960269
4.19033040010351
5.17618174429505
4.1577806699342
5.23653549264084
4.16116108319844
5.21922250427567
4.07651806964067
5.25735740162701
4.06709099248731
5.17516790664552
3.88076099954051
5.13816591210797
3.91927167971586
5.17730243841573
3.81524859498177
5.14243030423835
3.89658261321964
5.22827336781867
3.91860597653497
