57.8613525335399
142.411564502034
197.11997935388
257.183530625557
315.519985910541
360.591344490085
364.927182706596
279.818144286961
97.6945037185768
109.263176881429
146.821569490379
31.1071140478707
98.1228676143849
159.402848323887
198.355925523172
182.724618247233
197.430157207787
279.053695120601
293.253462904076
285.020976688272
257.133630868944
165.652034446528
64.1750161960155
148.655546018508
238.583516198456
187.91146346681
58.5319271146904
38.442392831116
99.3576543960098
114.784485195725
56.3908610004568
128.890821808712
194.813675351531
178.155559173574
100.739213474011
28.46242776135
25.4762176216134
81.5123412940213
96.0545278053678
55.9990783195136
25.9679727121592
6.6553121432392
36.5509554189121
67.7400566900304
87.8245934026004
78.567193877839
70.7125982439852
73.8684895851823
78.7573511474565
55.881913797069
5.37916981644985
29.0823593907654
41.627135483852
42.465127938084
31.3867547779273
35.2466966534694
26.092849495671
44.3206340424817
83.5624640069387
130.115136499458
280.500014539012
429.901603407524
385.464654828827
201.593874358837
98.3609122537718
66.3412875650908
58.7384073951302
45.7148060986726
41.9228172306097
32.1057301196086
32.1264814318035
25.698873184045
26.4241967018989
21.409504034037
22.6689126397824
18.488074931514
20.0117463692425
16.5557472268296
17.6480459766357
14.7348519698688
16.2503996920772
13.3024514024304
14.4184559528881
12.197354513339
13.599267324816
11.688601998728
12.5879836020349
10.8308632606846
11.7719853239913
10.4111411941872
11.4129798633897
10.1202376929198
10.8532038499691
9.71852659024378
10.2843454990969
9.39691213073263
9.76706169779124
9.00979597883941
9.46198692746852
9.07169996659422
9.35856603426434
8.80223705385853
8.82762848878607
8.65873309397091
8.54367979916904
8.19658170017685
8.13321281652512
8.31470765442273
8.18768693552064
8.11953797119516
7.80634961913197
8.04894300298047
7.69151795915603
7.97386644524312
7.42966711893815
7.80692904002655
7.44047304109369
7.76170905137844
6.95426800997449
7.69617037998741
7.43699908835302
7.99031832164058
7.013464518045
7.5453368900785
7.12289595964996
7.8038415589882
7.21052768092265
7.85810265600536
7.17852349519907
