42.5389528622141
130.166485971707
121.759441520066
38.4440433291185
61.6582896204676
45.4704495391564
146.81881981213
341.666033181007
376.378932235301
221.540897102396
67.1833716749481
94.6939139793992
168.293512917175
168.615091908453
87.7417159233493
56.724402496677
167.818412902337
252.00379989846
266.503872953002
173.67540519136
169.819588834725
212.30768633286
138.720005678118
66.3184551293267
96.5672988822586
98.4852488185684
138.788896124697
229.882539268858
236.959421902276
150.811075892401
57.6613834989998
25.5426756137463
40.2543607668481
59.378594066865
55.8582149360424
70.373962649738
90.7970075254682
77.8808923528173
76.1498413839895
52.2580163916944
5.39852155101438
37.4292529173675
49.2038241914399
66.3736480336308
76.8069539611001
47.2563898378854
24.6661760204949
27.9572671250655
24.9134237027378
35.8401529561105
48.4292787299679
42.280760643825
43.7323931806752
36.7654061518415
24.099410728222
38.5122108267082
58.5204527491133
67.0853717770912
90.0874361950776
128.365949940574
291.645761902289
449.421422788407
403.246866781179
207.509562808612
98.5794757398046
63.7174551438552
51.9405927183998
37.9830897467031
38.2651746622654
28.5681658196423
29.5004779546412
21.249187031824
23.7411752477615
16.9744035405162
20.225079158273
14.231965327886
17.6040797648207
12.268296981652
15.7873911009935
11.0062925330609
14.7528737179376
10.3369186166368
13.2907175299085
9.25055450014707
12.4709149320566
9.11235574651111
11.7706569945719
8.08817689056012
10.3057222230853
7.62424476804935
10.1008280255331
7.91435951987948
9.47632570821224
7.61614673585513
9.0067933092676
7.59822922457872
8.64800680780945
7.63139117130214
8.35088793623941
7.68629010888681
7.90524227705769
7.6482579256786
7.58692017911969
7.73361502124137
7.33620864202072
7.2682921721163
6.69785219990965
7.67679527411274
6.72622229787796
7.65058625914943
6.34568790791547
7.68260410367341
6.24160551228198
7.78756221934598
6.02908668016921
7.70590764835579
5.78899631788555
7.84418677335919
5.78253243240893
7.97827578289158
5.82325745527666
7.94501938141509
5.36889533152139
7.70506057532279
5.40216759613486
7.93082255612214
5.44492439144211
7.86584737959615
5.35590506958024
