60.0085304669606
108.111016592554
169.635632551508
183.435475858892
190.884163664611
218.018732261444
273.403995803842
222.601442914639
168.087576991119
236.564016111767
174.114657128354
151.359693372248
182.227225343785
152.431765766878
79.0584426417383
46.0254912531075
125.253124641559
201.906053591498
214.547097074776
170.502535337784
85.9637234820679
3.32746178651589
26.447348287382
49.7761291827881
79.1897812704918
115.516858184037
123.974336547798
75.2649596817707
15.8960420425548
21.3691640927389
37.3814641860652
54.698988118518
74.1608688794289
92.3508217819079
77.4375232159517
26.7487196152196
72.385454252283
101.813288490415
82.0753356690425
46.6869760498001
40.4524276039022
51.4714248777735
38.5288763132535
12.9632472129291
0.967490618609388
5.19290527714837
13.2022959481556
16.3455433419293
8.8451681742826
14.0710717168893
36.2998475574859
41.4132104184523
22.5045899491497
9.80260612604963
3.07342953929813
11.2415526798592
5.56366626564673
10.4044071241726
16.9349221812357
17.8938821154548
48.9264876109689
89.8679957376928
86.5944371861315
47.1011320014412
25.2526532260167
18.3201390477669
16.8580985330796
15.091034535005
14.4468036121976
12.6324367874559
12.2631139432462
10.714366222801
10.7445541165473
9.89318097389358
9.92252119884799
9.23555685496929
9.1507526339698
8.59894907206543
8.75597905324074
8.27770585474707
8.12983265916526
8.01953049539082
7.91966331773253
7.43476440688181
7.49092948334238
7.46614527102792
7.1971315476619
6.94591925638132
7.21592934333014
6.94778764736084
6.79047517579118
6.71406032312623
6.70525663048356
6.67735772904384
6.65110926688889
6.55805860615751
6.47997961368045
6.39851689740451
6.3843557263245
6.32480226649516
6.18460458654774
6.14282659310663
6.2090079556348
6.29645888155162
6.24912673552469
6.21080699425446
6.21809064781015
6.14969058193419
5.9605018424725
5.80393175689725
5.82877246839447
5.81767617766047
5.82085748771638
5.78072737796854
5.8217218293223
5.75120775268337
5.72954750958896
5.6864509633181
5.78500162897653
5.61573813868623
5.5350931190527
5.63277761907858
5.62262578428276
5.44821031234464
5.62350762936483
5.6424265416165
5.75615874996856
5.70526489161414
5.70831740795115
