44.0058123577645
61.7152460049115
121.633979946436
212.443270049381
355.307657518898
490.506957476336
501.040759773483
380.061851180576
245.399441337199
168.898508477859
64.2147237954248
46.0496005756922
80.0549286234295
43.0569629115049
40.2445580248431
121.315157728441
151.159970625382
128.107313444161
104.15871095108
81.3763299154931
116.790885003729
169.921086105402
121.007214592806
54.7060169183352
89.9804362039298
175.409104345929
209.500379499816
224.5470827845
243.383899134636
192.609782060167
96.2876587853882
63.6108120810966
111.738496418131
66.2738274486971
38.7214351247291
90.5063713484217
49.3679016838761
27.0675417345847
48.4187908069825
56.5014317656675
88.5214601072623
87.2098168261659
47.1497199143729
61.029045182572
73.9792840147311
84.2184845149191
81.5985535452664
48.4494589951882
34.4264429957997
46.5855501168273
66.3560925654334
82.676536594873
87.027969190884
57.5338909100803
58.1519867532819
61.9746137518762
60.4460578895898
69.7413809599348
96.9504212734254
133.96871037716
277.927850890871
421.222001420013
380.587653440331
201.941625232375
97.8375061018293
67.3415283080225
55.3996752476349
43.1450879190112
37.9476578450465
30.4380155016971
28.0558827440325
23.6783346013094
23.0485899144054
19.9951135340164
19.9220337837162
17.4576199462974
17.3058701412991
15.314020338704
15.7222237467357
14.0023912769749
15.0218174635409
13.2642060057336
13.7203276762967
12.5138014677684
12.9230854946293
11.5703527225914
12.1194704813411
10.4077645483941
11.6120223085841
10.5123357983847
11.254311750281
9.64084557004754
10.7615082127257
9.23134206272027
10.5271379632018
8.94280088316045
10.4015947307218
8.79170334366304
10.0791057923426
8.22604220505729
9.92212719420829
8.14600329655054
9.84809409958926
7.93091586875783
9.8603962656857
7.81572708844924
9.34866731696497
7.51408637828876
9.61144544490827
7.39612957364892
9.42751304849427
7.21944015213818
9.30092805395469
7.07339629186051
9.21331559594456
6.81909515719358
9.24149006078138
7.07476486117716
9.06119241424586
6.63582245516316
9.33703128329938
7.10453682191308
9.44081501689691
6.80066033528898
8.9693806216156
6.72338486588155
9.27153650141485
6.8199165271756
9.17680790086091
