15.9175818994183
57.960392587713
76.3341264323609
28.2216229729966
54.2749163413375
100.130406798699
184.829742502769
225.055787201411
147.254362135032
58.9570094903284
155.386900615213
144.802597381265
31.0431538189227
138.397743588112
169.272092282119
119.311724598216
91.5012749028049
62.1360956570866
30.4660948175606
90.23753798304
46.9503292445702
87.5862800568722
190.606133854465
224.675490009901
150.887963424726
71.0037888528524
86.6115114794047
52.0858964703336
46.8741852930736
80.7413861731032
129.841864299526
107.754485138195
63.6700612020265
54.2927841268664
36.7488812072411
38.6432243733201
50.3782405954323
68.5417239634508
81.5405045689259
39.445508590261
35.2389654267778
56.0281509558715
31.2747383539021
15.716291024276
26.1744462075619
46.8457234511599
80.1706596203802
86.6287952498262
61.0253175585832
43.06882125684
34.8582078425659
27.6899413209262
2.49963552564182
24.7821400013747
37.1117323805232
41.4263459083607
43.8243631927098
42.3374318114766
70.4924735227551
116.91562053332
277.593695563109
445.362340739817
407.857397591744
215.874487755509
104.615599145109
74.2578182533016
64.9654358538279
50.9187856841872
47.5153477861378
37.320406514599
36.4539398408266
29.7556847128364
30.6218537820864
25.3686116327884
26.4921036992254
22.2266958163519
23.5112608626614
19.8107739006227
21.1185157109878
18.074978286038
19.1433110208734
16.1830670326833
17.511765831145
15.3713994766701
16.2587244319665
14.3338603624552
15.4149284708423
13.5875101220084
14.3745095979209
13.0166539296987
13.5923062233583
12.2255698518915
12.8012846083093
11.8366761110721
12.2872059502488
11.4635750184199
11.7590454951254
10.9991178412409
11.0192547881372
10.5633090470641
10.7867298910682
10.525026698871
10.3027183984258
10.1510456589524
10.0211217369827
9.83299546417159
9.58063851947112
9.97686150021417
9.67555983198822
9.77307376160499
9.26579672512624
9.59408216690575
9.01817203978153
9.46063052430357
8.76350836756664
9.32109802690276
8.66548055028724
9.26011051387636
8.3480705239949
9.08888575426048
8.40441953490336
9.29523058465226
8.35714183992153
9.2489029846142
8.383690489668
9.27621099294825
8.44942663683604
9.29103360364843
8.39272432903399
