15.8344108182435
76.9652872599607
107.584042686573
97.8349190777038
127.273660235843
148.386437389436
157.312463799044
202.049636687339
235.744747477603
190.247688833783
81.5632170249475
68.7739367526139
150.152319327771
160.966976150748
77.3287196419192
64.6373653740519
137.900860314428
129.32914203784
72.7610788741818
52.9415580667755
75.6907948235668
100.364043487415
123.834243381029
124.004407081653
78.0387421766143
48.182381138787
71.9793520321155
103.215132761367
141.082377711051
109.700395723716
51.8475679217967
70.3804472009871
113.465274148098
100.585939530403
156.49269749747
214.613851673476
169.962636975232
69.5432967913324
36.324485489116
53.480155004742
29.8338550553121
38.1437862937347
59.0369030208769
33.3628391504832
55.7318175348792
53.5782577872087
41.2423872720617
30.2258159134675
24.1629642178713
60.2037025325901
52.8773821120181
5.07922408455693
51.9528617755452
76.6157276891027
76.480130187715
60.7922475146537
69.4664733565742
70.2066084353386
93.000588253017
130.289488107687
267.629496051692
414.928353694129
374.393043235312
194.249791688494
85.5309133459635
55.8115788445753
40.7235857566631
28.0984370695112
23.1316806366625
17.6922480894044
16.3754217267562
11.4696913006457
10.903414548269
7.49627638055565
8.04015848599664
5.06373221471468
6.09762182116613
3.30765063163131
4.52488336068603
1.93670147433853
3.82982650194377
1.61090103821872
3.65839389371514
1.28934030784973
2.99517736606056
1.27439162493199
2.69618053367334
1.55861066230935
2.67375209199819
2.35063566445526
3.0570451471113
2.36054730243652
2.81313921272126
2.63617812424772
2.8030842092666
2.6823509450636
2.68864370115605
3.08543262492249
2.92744895481153
2.93098043184647
2.57665498147867
3.17328986353287
2.89325923334225
3.46876466642957
2.65274833630252
3.23000980491116
2.57039466692997
3.70550000729959
2.97970924984711
3.78315427514063
2.80215583895664
3.75262885898997
2.80967263051355
3.9014606981277
2.85822377222564
3.87731833666368
2.86956932207029
3.91933518535625
2.66612566455449
3.74750692428055
2.66904810176741
3.98146914974971
2.90546176357895
4.16417875753113
2.72513810863568
3.94007759200171
2.71274657878108
3.98136081818021
2.74507296041139
