1.42922841581416
20.6741017030937
93.5027321101957
181.264449667142
188.630500771514
154.093217314826
182.147187067226
147.145092777086
171.159063673295
200.412514086573
83.8337666656886
142.505533973659
236.91172341205
216.221952629966
151.973834463675
110.88858728175
109.307259734018
139.720188834211
144.800577667392
142.823774253876
178.774969700798
160.710649735387
84.2564455997201
27.0893984415796
42.3544131798343
53.9003437114587
84.300996364229
65.1218314009342
13.1929316180813
82.129758756534
141.675511354036
199.090267380801
211.517644500129
167.007528648268
86.0311734289748
74.4769589579957
90.8318485756834
69.0938757608125
58.029462789365
73.1551822934641
73.8880455657133
34.0365580456757
21.7458112230651
43.630650851178
33.227738016471
21.0396396277291
23.8438343686308
33.5494126852867
45.2214719264856
54.7590769406829
62.2976515419585
51.2846928368704
37.1518214628982
25.9548705201784
26.3848213570933
34.6470284736943
37.3427422740244
47.319702911402
67.8749558913052
104.683106903306
239.116489373063
385.379821179765
357.399272331281
194.385000598622
93.7229689851713
66.2273189520204
55.3426298402186
42.3807505450327
38.6668067314908
31.8786455137716
30.7915750055847
25.5517201565653
24.9517984311574
21.0133613431378
21.1829006191113
18.1743606914848
18.5387591834828
16.1602338284447
16.6795615127162
14.5880958699171
14.7998754036384
12.9814878694973
13.9057221054385
12.4772108866814
12.4511526232388
11.278720781294
11.7880940065981
10.8373275095214
10.6442265545226
10.0289358795816
10.5580939426952
9.71362733752397
9.53166435852572
9.10725325574878
9.21932092064778
8.90253882529291
8.82797940527594
8.76473871044274
8.58392252895462
8.32752518776966
8.1658571032389
8.23043703820998
7.99130102281124
8.32728101850992
7.86660720682505
7.65215197461839
7.17496371840867
7.80277920472929
7.36196944548301
7.61915664220581
7.10987718155673
7.60800715697556
6.98142579712168
7.40802297866947
6.82601515618633
7.46282350462133
6.79122530191801
7.46059899274116
6.69943846683782
7.16696698444341
6.23765469860671
6.98567116121447
6.29291101412773
7.03256130451945
6.22252898340044
7.01446550422236
6.39475873044337
7.11218748267392
6.36629851766974
