3.2011673778829
137.66248783821
240.354279304101
256.644996985114
152.447547629244
206.022990447819
252.304323688306
322.453614363654
378.470290795559
301.163980727489
354.364488166174
341.27958548591
224.050950307349
131.633427774379
222.312828713162
306.983255355048
309.602788923038
309.404913147296
244.129945860068
134.347525449988
46.5932240808449
114.062817699959
170.110143873458
155.526374202248
108.840725910936
123.814616231541
149.808912834498
152.011181903878
139.446777313412
108.927266908905
84.3162720056423
100.095719612933
117.173965561784
128.782354489938
90.2815094271329
25.1296412375789
92.3785084049005
78.329270132237
47.8551203877872
83.3046365576275
61.2648650070321
24.651082842844
7.43898164303197
38.240438573019
44.9861773705104
35.0857196037794
19.0850445338299
2.47424284233461
10.9869949678185
16.4567419154859
13.7427428016321
8.93826825900051
15.6380140465964
12.4384552567437
10.8860672329722
17.1197369500184
20.4443431628037
18.2285877477711
19.3871869030707
24.5058615894821
68.1932617512909
112.744557075932
104.371869734155
55.4057231005057
25.3576512922866
18.0166375555621
15.0678577083018
11.6926873917983
11.4327359372112
9.76284943219205
9.37179680394444
7.87865536191802
7.66997454017968
6.58797281423439
6.85275889103631
5.79823611410418
6.04583574812016
5.03497247981779
5.62257999425737
4.75124814263811
5.23161949420515
4.16838511256909
4.58853320624411
3.6108313379763
4.10064135554996
3.43325584573794
4.20607448702909
3.13822278991425
3.88140586256286
2.82195019438687
3.26550823063492
2.29841067697447
3.11676614140553
2.23255905119629
3.02452599629623
2.01879429638063
2.78739620031565
1.88290668026788
2.73637193239812
1.76656929284889
2.61573523053518
1.54406153538855
2.41486602679274
1.4779860928708
2.05141470421877
1.00781636094233
1.99838667383606
1.23104179806545
2.01908197565843
1.0068276184788
1.77555594959242
0.840337305289009
1.67892827916235
0.701627913777008
1.47172714746804
0.590321210761818
1.50112544325305
0.737100876271118
1.49746083996327
0.588335389252263
1.33920779478423
0.589878617218381
1.5109365531001
0.582334854571816
1.37617197524674
0.51057656750418
1.29511558547301
0.463919788844978
1.3514223746801
