82.0766676706001
86.0026824478595
165.160716717619
344.728269700091
344.760593817486
333.859043570041
324.97387149594
176.852986092348
36.8219753372901
79.75905930661
166.631743784866
160.130263543423
165.005697424373
198.255253406464
192.386408279578
163.397436095713
231.520700677147
266.731422309853
227.787000735767
232.971145638258
206.813409202974
126.228342384616
148.616677159256
193.764184316334
198.484842565536
150.621493392223
85.2094995897207
71.1928995855488
21.5461915114284
53.873656234204
74.1271084024906
88.6712038336848
66.7093406396552
19.6865218387787
9.24937192338728
51.259853554035
84.3774526344769
81.163670510158
53.3211623175677
33.8287561880264
47.2832668137374
74.017713495645
92.6253428409983
64.0177463514799
59.156506553365
77.3558469520263
66.6806317480522
79.8899063167671
71.3039901903563
50.951961492327
35.6958750168365
27.6474517127588
11.185184197315
8.6075089255511
35.5495502441745
39.523614405034
41.1286274885525
53.0610770888958
65.2314369090624
109.592544467431
273.283095869904
443.716961331227
412.845796520033
226.542024181483
116.350161144176
79.274610948711
68.6993867107629
55.7883174752451
52.1036153530419
42.7031870144723
42.3635626555115
36.0066396232932
36.5421050415853
31.4115321496732
32.3085843475711
28.3370125515049
29.3872105839696
25.8542625556026
26.914577057878
24.0296668132245
25.1042722548216
22.5261963723562
23.4286148282494
21.1705051101119
22.0228706114487
20.0742638346919
20.7837149261841
19.3755643866087
20.0773059249223
18.5988428626123
19.2722395875695
18.3522292377074
18.7411209365078
17.5969122965414
18.0070956561047
17.204490262044
17.4639835741546
16.7481672284556
16.8427663397462
16.246823765209
16.6394648843062
16.4598462683308
16.2350347307911
15.6018650904767
15.6875344290449
15.674576458653
15.4254714727911
15.1682148306849
15.0733472596604
15.2731063369895
15.028230401115
15.1411736954735
14.8058596908145
14.9806652942677
14.5561000652134
14.6845291905555
14.1809573618951
14.4526829572457
14.0592831369986
14.6136156866533
14.2539250713726
14.8119770273771
14.3479551162125
14.8880477960779
14.3574057487116
14.7658025004481
14.2885762634279
14.7583786165679
14.2413448655851
