19.8548732955121
43.8883332435623
79.7792472586307
157.493394327356
233.634343476786
312.422918241432
333.624983014403
222.925714936785
75.9739948195476
133.653434934525
123.042049860705
108.434673918433
175.294146663804
159.29136202655
29.8640782508767
113.420035237799
144.976742013533
80.1519742167002
10.4140216620698
88.9986669140393
109.966337532884
68.5166277629101
43.3747457811957
17.2998280861398
4.66290384885996
56.4267357948151
144.653251988683
168.892734692047
154.602026834047
209.558134168133
266.990435563177
270.738173270577
203.438672170761
111.404790829223
71.1281381055008
88.9944287785682
97.1054963723754
74.3661802359476
55.7764237713272
58.3355105056229
57.3014055201627
47.8011536905097
58.4769226013739
63.1443413933432
37.634470188358
28.6550115855482
35.7156037317718
40.6693352118229
59.9249414074473
51.8562820658537
48.5945707135575
17.9143244285083
47.9479214990381
84.222015246985
89.6186199200116
75.241046448634
46.1669200874601
65.9383514232028
98.0327476399446
91.9260037614058
259.480109906275
450.327388184244
419.928149727159
217.391450809133
89.0873532858904
68.6628828450936
58.5680952030095
41.2790540904917
37.8847124660899
29.9820952445692
30.3762635868825
23.9626946963337
24.5349875030612
19.8628169842812
20.9011032137979
16.9806482680103
18.2900460214754
14.7830520535261
15.7546092134373
13.2330372076653
14.7569367013999
12.5779759842701
13.4831555488677
11.0891256092844
12.292073316046
10.7880556762866
11.4261445415162
9.80813546119636
10.5896802665919
8.95540134284865
9.56597453204321
8.82512818495506
9.47108131126192
8.45320493076483
8.8003181730726
8.05876685961795
8.34639271568786
7.83883819515772
7.99754015300297
7.60610734013864
7.79865538581146
7.47098450533791
7.1758390924576
7.1184921306555
7.23691197508374
7.24829493884713
6.94484709312233
6.83014588667217
6.47612672842509
6.73767770161677
6.47071056159921
6.79086504901712
6.37220170307734
6.70956299351259
6.12543470648377
6.45597757987036
5.96476193004163
6.4628830035931
5.80603896422654
6.53269429087608
5.91966283438582
6.57378397785483
5.77866960634218
6.37506506673929
5.73538985711662
6.40817782340222
5.66739923906792
6.36149523496431
5.71821929028261
