2.9674849610349
13.453366278953
25.0659540162262
38.766918623891
78.3896587831416
65.4719824158829
23.3736596910134
81.742808837332
154.526216975241
399.47312277979
641.455840174225
662.777116675986
461.900058430766
301.350311807319
320.988059124106
255.666813900087
112.500213573111
81.9740256724048
97.436536282645
118.493745482573
120.449629392184
122.771925332703
63.0261315462277
118.148023201655
161.127552064059
170.501655701845
128.773034466273
63.5984913409685
74.1556513672794
128.993788702708
181.788626016586
182.069080264022
130.991528451874
33.2183896525471
63.8736292538344
106.365627344941
125.899604401446
85.3066986149707
51.4866796531471
168.239484832914
168.328511435388
85.3717908941489
28.4040463979432
68.5414987141082
80.3088737669587
72.2198522656733
28.1694803870219
18.2641195076454
22.918468921873
18.6283664126819
14.1363537238163
9.40578634026079
30.8598175554457
27.6385449445747
32.9737056920858
32.7677827677992
23.3106113528771
43.449379967446
71.1248961781933
115.905026992721
279.262909738657
437.633402891359
393.541646509625
210.742524215182
102.961358437944
71.0864538377329
55.9428451767418
41.5648433309832
37.5091901089341
31.6591775041165
29.7725368882243
26.1671301920182
24.9415725882693
22.0990592158474
21.1252866389457
19.4290686411275
18.5019474167985
17.5357552537185
16.3968115077974
15.636702730852
14.9736445295178
14.3967605699152
13.1388285282
13.2304705845594
12.4729950566291
12.886450727073
11.9483967919947
12.2595942040662
11.4194814870899
11.5850128189089
10.8188321519705
11.216869874672
10.4837706608398
10.6802139309656
9.90983665213161
10.129945503412
9.63823621216267
9.81767263572515
9.36236697807753
9.67810349050848
9.32031431596969
9.17335639210654
8.59272245888927
8.46599788109063
9.02820651780454
9.15844324058605
8.9945669488807
8.30885799557698
8.35991806883275
8.20976328155007
8.45483823289235
7.90792555215445
8.31456926370709
7.77627358806445
8.34464681387557
7.70424397747983
8.22112659080761
7.81421477077197
8.63927894571271
7.64257549215131
8.20282076134992
7.30489568702252
8.32305602084694
7.46843081035827
8.07556395353903
7.16377593199129
8.09882288414928
7.25936336906994
8.12432091369725
