3.96131560759075
46.1380580649206
120.819782296908
285.03543606736
357.614678522895
234.992957766312
197.683264713417
368.475947900556
434.258398347327
330.54949003031
182.520747912257
144.162901530983
251.368151789728
273.614424948164
272.001367308066
221.565728637721
177.891818386039
220.644982595464
271.827058873736
179.334851911818
112.395656536836
268.022798810751
372.895372188024
344.194220305632
185.173905251493
36.5365082055388
131.573006313549
184.362514021881
136.58318592668
88.691402475774
65.5677527503264
76.6063124934965
35.2758117701035
66.7471694766524
82.4854839390302
76.096225235024
35.8756094334806
38.3017583525329
79.4808111217054
81.2812268588276
53.1985286247397
49.1253627483997
26.6286392880078
10.3106239856643
21.9871193025436
8.75446156769177
8.67837542877862
17.7369481235295
24.5116458981176
18.1230929459647
3.85615856547654
5.58766899188264
6.84740342684563
3.37926446966263
9.42376545677993
10.1387360111692
17.2875608314909
16.8445449323031
18.3904212908561
23.9900189036065
51.3745781455257
94.1101951993027
95.4603553396253
57.0939559312677
35.1402293859886
24.5794409483731
24.619913244145
18.1885227438242
20.402003848613
15.5053261855408
17.7352813769669
13.128007013366
15.7738565875632
11.8982182723068
14.5927300213159
11.1613581931333
13.8565805565389
10.6498853415006
13.1591471705514
10.3038156977036
12.355196671994
9.85596394013115
12.0137680807204
9.48368943367358
11.2178772182617
9.03573086751658
10.7268168407103
9.47131166357992
10.7367649743365
9.34000154333888
10.5305641222307
9.50347957042527
10.1993533846556
9.42183996627178
9.82622490212628
9.19869529357756
9.45037716312338
9.34000762399659
9.27893732695919
9.38196695614414
9.13204080784399
9.29489510981978
8.7272853770211
9.2568726140701
8.46274921420061
9.34888019022239
8.33380916019052
9.20931254419421
7.90634371957705
9.2867797815663
7.84223624455589
9.32768572284505
7.68307541992103
9.33064854298388
7.40660392055446
9.16990636202338
7.15180025549795
9.14292836865098
7.12608575643896
9.50358869360037
7.32398779667044
9.51063947060619
7.13061851278355
9.47351138513672
7.04675324724513
9.36493276412002
6.95722180473194
9.41754354628041
6.95787514407573
