27.3504236726128
52.8697193422041
102.982899684131
202.3105602144
287.286442753656
374.080971569421
465.016913685367
441.362833623504
318.859100575084
206.6942234463
154.017994509804
179.613617349315
113.111759160072
123.765389041927
137.963844313808
131.160825131606
191.504123579473
265.161998694069
286.219715954366
196.222282368546
124.386746145548
184.305021020336
219.820546162166
174.606081269247
77.8063531155247
33.8220700352495
101.432363038523
129.256298702551
75.2794961796234
73.2099073293771
109.81725731595
92.8530838090925
68.0986227808226
64.2710623131053
67.1023812074292
49.3267974581003
36.0915099804472
64.5145518208587
62.3568625305529
41.9706808054379
37.7056878785673
61.6201536691078
69.095203134475
57.6787608383894
39.5571488242184
14.4540342112297
16.7686154681912
32.7724529615421
26.3345492383207
20.3679171088938
27.8696561172485
28.7868187559702
28.2101975221127
30.4275619796612
26.4225899384774
31.4154932812242
21.8461373230187
22.1344452442909
28.0782506987942
42.1198316574223
75.1658255594879
118.913385550489
104.583961981622
50.4578102295822
21.5831515040839
11.7109437268055
10.2156490878256
7.51803727787609
7.58845774082405
5.18139884736461
4.91741232702522
4.16850746669132
3.64168236411362
3.96004549128111
2.85080226306504
3.87296130415096
2.59582655773056
3.8952999792537
2.13076650777323
3.65215200989775
2.36387242696064
3.9716804177838
2.10867575748656
3.92342203226238
2.12956370656477
3.32320803770363
2.18323982704032
3.69373602693639
2.54216051181763
3.7393470793606
2.46590008095172
3.43902527016377
2.60663375218422
3.45370546920207
2.59521020012035
3.26831120404297
2.73230239192481
3.20975794727609
2.87833237818282
3.1973184530889
2.73175986704109
2.87261281238131
2.93216910965595
2.80716327563034
2.83877231005875
2.58886090131403
3.08604598708012
2.68132887547914
3.19646902499707
2.59050712327192
3.15963086157764
2.47166341232446
3.2402918832386
2.39851001861002
3.34983862288099
2.42199413034725
3.37647503326066
2.28890008834512
3.36743277691899
2.20259986213409
3.36586193462714
2.08656998215932
3.53695123793441
2.29084839865827
3.55649207118024
2.24824541137834
3.55126174652232
2.18124388120969
3.49374233992472
