64.2721458774096
152.307946801256
176.597063667499
154.349535171536
224.049554696524
359.982247024049
384.822499917893
327.677556043385
303.552938280731
313.617810535344
348.105227442483
327.963546852816
201.524317001361
49.0698899598809
50.5375403017084
88.6198059657593
98.8934395396554
81.4702356000567
39.4296383109367
19.386518678745
41.9758817880174
84.021401064009
179.703714371075
205.017383467972
143.490457798236
60.0519353882148
13.976918556473
37.6663459076896
27.9366111568515
35.3175399636082
48.5172752343929
37.824718664977
27.9049887123361
27.8522424089518
25.695020069594
13.0627447804556
12.9418520670878
4.73585605435961
22.9619774298797
26.6897706136715
28.5081482134182
36.0221297341613
30.7067881468559
40.596468716061
39.4530952012964
21.9851431301676
29.6884937981961
36.2687319983651
29.4057234597565
21.1433107501559
19.0993668687032
17.1867928123219
11.1527835472315
7.81852477240967
10.2521305989729
11.1555435581886
11.3398611731488
10.2645559219042
11.7316155085919
21.4574081412235
58.692537481485
98.440280897016
96.0766683943226
56.385042337562
29.0122462789907
20.6487829425746
15.7634902526436
13.0679034006882
11.1872257273829
10.2178505947426
9.58044089211328
8.58301972776135
7.96542101890077
7.31416235376968
6.967113645639
6.5359809159858
6.38568896317005
6.05451321986982
5.80982937298222
5.3685990229232
5.37675151812004
5.11675562937043
4.97746833084723
4.70334738844003
4.59193475159066
4.54999676524287
4.44697519299694
4.17641327870531
4.44115707363151
4.14494605554334
4.14947529718347
4.01984069772398
4.13561750791669
3.9333144136799
3.96865811733369
3.76189220305931
3.88074595327575
3.65814444103707
3.61240990337366
3.46046783109329
3.79537647430298
3.55581733140655
3.5967270871154
3.32319988547789
3.47730294175917
3.31253542675803
3.52732260034508
3.36817336386588
3.36927868417287
3.11344973346484
3.26990270486622
3.07295680704805
3.23206327002084
3.06483599646566
3.26954991739024
3.16594699144368
3.29702656289642
3.04598992721512
3.29154189902709
2.96398791155134
2.99831795374769
2.92469596208574
3.17045051235579
2.89754801062804
3.02271275670051
2.87090567872655
3.09464619461846
2.88224898879448
3.07430317656376
