66.6935548721592
177.210589865033
206.613852252865
226.582231649383
247.850121112939
223.903474818812
201.159821768203
194.038345027922
196.947160812937
207.761128815776
194.166240556668
169.277834670342
141.649679500686
77.6698550200049
83.9031608307191
158.976720647864
189.080474548021
236.508722355958
269.668950605984
249.309641637898
194.750020630609
134.028291265627
94.3332246220468
73.2940153546401
84.7973318312132
100.162078309562
93.5804725538133
47.7401433728438
15.1768900063326
22.5858885506225
24.5497896051891
54.2461468641585
79.1856508937571
82.3250669331602
86.1783320533547
75.9242987159938
51.5800348260498
65.1242234585419
66.7095656547903
56.377905311092
29.1083045684311
11.6844204128536
36.7876150602007
54.0551146708241
50.1522939669322
28.1544195774577
39.4562992646724
51.4805418857179
67.7867229814951
51.1890629342346
13.1711710302269
8.17438065041195
24.1194856725555
38.134098645452
55.0499475343096
52.4415366074093
55.1793252452413
68.0361601635534
90.477539120666
130.232357006502
285.189702663381
442.969790633285
398.564825832183
206.093589578504
98.0113173839607
67.6363764759179
57.0744573913367
41.5063285231527
38.8629107895082
30.4785498873778
31.361968606896
24.300511049358
25.5769110052083
19.9907478156216
21.8857644297093
17.1504251467072
19.0258748594241
15.3574873916557
17.2343974657392
13.6364372545191
15.8482150130316
13.180907727269
14.8272457053639
12.0259085606633
13.5163131260096
10.9554264843727
11.9032036433451
9.91222539670378
11.3988322700053
9.63888042790876
10.9164203662314
9.36072798775761
10.1292338061213
9.08372790532496
9.79191479413973
8.93537591097093
9.43726970622248
8.65955597166332
8.91303995472393
8.3605009362899
8.77704304685907
8.54910562574521
8.31246211526992
8.28165266067907
8.18573224429428
8.21807221954298
7.76011017894613
8.01595699648025
7.57728231656559
8.00491073174496
7.38753542071483
7.9455616106245
7.192716834042
7.81518555308362
6.94207446976316
7.83061240510601
7.11359687982968
8.08752183875839
7.02768971123325
7.90167610846321
7.02647843930228
8.22780418073587
6.81026475403145
7.7334930200956
6.63955870256436
7.80372168482822
6.64431030042623
7.84198442842629
6.64102870051372
