158.85927286727
310.109716301928
244.594457020291
160.832083492135
242.425439576613
366.047478493188
360.473808545179
243.903113133517
119.425601291714
106.412069616239
193.328911166006
308.087036793154
320.489104352687
216.145049907579
184.654325671336
198.177877207905
196.158332783137
161.649759745762
77.6996315596711
35.7859643035888
48.7832076322266
71.0699477078452
64.2920904684714
33.6669467746994
54.6143802456338
45.253844544726
35.2590016276643
80.5389169519381
116.736232794752
118.72503386216
148.920944003752
193.502858231475
182.866003607328
117.947746133343
48.3621027729566
58.0497750352216
94.4666283739738
113.703295675823
104.136634922016
76.8307482635519
32.7095669668433
29.7896190810938
40.9836126950532
39.0915086055125
40.451075097121
36.3989937188647
17.448214662312
8.20030345186851
23.5580040743882
31.2452337904291
26.3995276870551
20.1587898021243
8.74687764024315
10.0979320038733
4.55495388463982
2.86712915434456
8.6904273095258
15.0245464492114
15.6514623133485
18.6823088851671
56.2160496781587
103.702728788803
102.885820720914
59.8325083695815
30.5805258581771
24.6401730389345
19.3421511235974
16.0928736756535
14.1339196998999
13.2458265593703
12.1130033218113
11.9813399884966
10.8312420582595
10.6999690340049
9.75312694907109
9.85188020597016
9.06373981139398
9.24267426961765
8.36371758452387
8.46372651171166
7.67861621042077
8.1421851434753
7.72153836525534
7.82528784757385
7.28479838327485
7.43546330119381
7.00566125250479
7.35425149059467
6.7096095411931
6.8266854008714
6.66658284892012
6.83787144850814
6.45982240012856
6.46539476229436
6.26166698926881
6.25982593636812
6.13454925991498
6.02302814840775
5.95313393059624
5.80343656778053
5.9650174493354
5.85093679601996
6.12831734280663
5.83627844603633
5.69094613539781
5.21328876120471
5.60087020825503
5.29516543864492
5.659641470584
5.32858370818472
5.79500077939
5.28381068148853
5.75058938001095
5.23528375166583
5.71831943845623
5.11776681501541
5.64862908506118
5.00333969818265
5.72038075636299
5.13874646039214
5.69437891227991
4.96557874435735
5.61914419077244
5.00571472203752
5.73853156111143
5.12413000477698
5.78983556792448
4.99224819072466
5.67253890802099
