51.5169963279527
179.679635415071
232.019010791312
332.629334440718
407.312119114468
348.337732174593
295.678178017895
292.946204274579
263.407751230746
249.124635867165
269.828115440413
290.514006911958
285.28271574743
206.120576165226
90.6274356495437
57.8186645306635
140.799631042935
259.503603425427
324.198311688279
274.440122232965
121.717530417368
27.03888770424
84.5077398768836
84.9191523182564
92.9676137793651
86.9285791858829
30.546705141386
46.3068969684486
81.823060040188
62.6278603083372
56.4601335553047
71.4254330510571
102.451545830197
149.421432393439
146.400485386677
109.412002183482
80.2103280134143
55.6336585088693
32.5745680973418
62.9279192606992
69.9547939357086
23.4553202404343
41.4068161885373
46.0844592086113
30.0831161857763
33.8015014805458
22.4875831882519
20.4924396734378
28.807078112614
20.4745460985745
1.57977037917005
11.9402360688381
21.9404381080224
29.1863592970853
23.4520329120077
14.9465023790632
15.2524160519396
14.4875401928137
11.0581909523196
19.579536271414
64.4051089849062
107.472377628565
99.7891995571244
53.2617161164658
25.4240594803062
18.7650439716009
15.8115822296871
13.070760513862
11.2293012316835
9.78895654362644
8.94887789007918
7.55569162141815
7.42069698394327
6.68235576601511
6.47331148431896
5.84080243336611
5.66230170046343
5.04514392910387
4.95246915406929
4.63148417134908
4.66998435714297
4.34072279314077
4.35184657699694
3.80180813453722
4.08276773047031
3.74745799612539
3.6568560100528
3.31870141882132
3.57648201477767
3.22157867296917
3.45317862625515
3.15908338075769
3.36187345056823
3.02289682304676
3.19702177729943
2.84467124410588
3.0008076030714
2.56473887567528
2.85393809265986
2.63881199914608
2.85625989193075
2.50533458865379
2.82848909814472
2.33223430255604
2.73736782101189
2.40521188572398
2.79740446539409
2.45312027966858
2.7186733353372
2.1965569434723
2.4562730741245
2.07405616020195
2.43719310294624
2.05146459965952
2.40755805064472
1.97382545907947
2.3590826280345
1.9782840233578
2.31701280658506
1.91401827150945
2.35915445921282
1.9288132442664
2.23193865534803
1.81220988149669
2.37383303307782
2.02449509553912
2.35948312928563
1.88939106405304
2.30498309610768
