5.20514016518705
119.035070376352
200.723087129881
224.077987477142
221.626925362067
203.326478296991
88.7607421825708
119.181663499667
315.115872708103
413.257889295531
387.042719076308
268.059736703613
106.751704251289
106.463257207282
238.821298207865
299.83075195462
278.23680923698
192.269628506617
80.7212896447369
9.45592145921338
39.6290884151449
13.7280850673723
97.364345070011
121.037057995502
94.7358879671422
168.010551939364
167.952528314071
56.7460363786734
68.107658087123
127.821631663591
102.057827416525
27.6939127926799
29.1400323070964
31.0541553754665
53.10364006524
30.2122116590549
29.3315932401219
67.9326950551176
72.6414633406918
51.8873854828269
32.0432987602926
23.5163010881512
25.5487487470945
37.9741979646743
6.7710882460263
42.2022002037541
67.8788175868595
59.3710056578626
35.2574820039622
15.1579474680353
9.50906232500697
27.0906581888264
24.0823235854508
15.0975394230064
10.0316658445648
14.5923522781922
24.223412318847
30.0404991520588
33.175830210973
43.7022537630693
70.8277794971358
88.4765685455297
68.5767864915533
31.5569440048355
11.5528843411355
7.11508458390625
5.60885745012995
7.31477903283468
6.96464792037778
8.66839159052312
7.6442905108209
8.9877635915226
8.16171961490643
9.09240415233861
8.36102289183536
9.25322832855122
8.61893447150553
9.43254610542748
8.78798861424015
9.28460299750266
8.75400904965105
9.420349773105
8.9583570888403
9.29831818026528
8.63507890753508
9.07428380950894
9.03746325950569
9.20424434085733
8.69322341282686
8.87468730135694
8.69197580724383
8.82210449200486
8.62602782510846
8.78877678539817
8.66410757799696
8.69782056131269
8.62358379493321
8.67723536295789
8.62138466795375
8.47388567643362
8.44252042135203
8.34377482750602
8.40969755830215
8.20997783248145
8.45499448067439
8.36892830702497
8.42964587917676
8.17164060215923
8.41533703392558
8.2003042386305
8.42024728334009
8.12187284024857
8.38431745448231
8.06869495060631
8.36697258750804
8.02889441617951
8.35998515262437
8.0334257811002
8.37048944212133
7.95421345977652
8.39521833160703
8.11945029435933
8.41690621955107
7.84513387281346
8.27514786453047
7.88652648818293
8.33410859005311
7.90631617656405
8.3336533664567
