12.6521604091329
57.2104275303383
133.290878405863
223.772865713299
272.694782166218
235.712643361278
167.039405626025
142.521203625017
126.081626492341
48.8201703576725
167.297946547925
278.451748271517
282.451264426319
240.054213191745
209.765470909295
220.425355029763
205.993146367587
122.968295043175
39.9387681969129
131.782773745282
160.7894643543
127.190226298103
106.000518808916
116.37696587928
155.550457051277
171.536296391008
136.177100611724
80.1555981268567
40.6086828652111
7.4139579800963
67.6902098596867
96.2628397425074
77.6608570666704
46.8056398724193
19.2002876877928
23.9245797807311
15.3910432877704
43.4391718252117
73.2744496520664
59.7984417896189
31.1100283885632
15.3853549581292
18.017106751101
37.2342278102233
43.0181324509456
50.3101081217156
52.0723553976192
38.0084171083922
26.8816776785554
24.5813275576367
42.6895584227062
30.8019360556018
14.1022345081784
17.0442370234721
13.9091994389593
21.0120353016643
34.517454688251
38.2640500542963
54.8260368886755
92.5390218677982
233.115813252546
385.075142425348
372.682374873663
213.295564346162
103.231679254349
72.4609299831408
59.3964422456442
50.9181350927815
45.0353944929951
39.7096995498813
36.1381002061252
32.5901057623571
30.3808457368234
28.1294750601068
26.7222946662999
24.9271831963819
24.0501989268336
22.7886123614957
21.993170904264
20.6020946981953
20.3765415345821
19.4061750857239
19.2782174247576
18.1934792989889
18.5109728808281
17.2266376171411
17.0581712597652
16.2181924506322
16.524142384896
15.3464103336629
16.1354087982968
14.957463862446
15.2313362074372
14.0415195160528
14.7988005967134
13.5892933694401
14.45131118487
13.3121128583737
14.3153220368067
12.8189974078292
13.7299523823205
12.3178177862893
13.500303945794
12.0263867838394
13.3705459564346
12.1060342250167
13.3593567646081
11.5907976049025
13.0157699874773
11.5726531143757
12.9868722283714
11.2861322538276
12.7461013403564
11.0243808989914
12.5811562026709
10.8972191774358
12.5848882172763
10.8943127377279
12.5033675656622
10.8074077595421
12.4391627807223
10.4153674276137
12.410587559892
10.9387698039075
12.6426339601851
10.7303193134207
12.4855287633839
10.6022255274215
12.3921160851148
