19.5945348386776
92.6099216331441
117.255978940742
69.0247915543605
123.695065404178
159.728387201615
108.089823766248
124.795893111711
136.187168397924
109.383699151261
68.5062356922767
34.3080595895364
115.159647063398
120.083079189549
135.905836312328
186.085452016
236.500712342983
251.976707893163
234.731134206862
270.330801677741
278.565274898649
210.292832723438
117.020514216443
88.0838897683044
165.127882864651
272.606584885322
322.789513994175
302.391241571734
248.418355072589
153.23488694276
67.8037779440072
50.6765036546457
17.9632265491829
10.9872005020068
17.0230682137954
26.9876065883052
26.4857413273397
21.7244400251262
30.3213507276415
29.2312634573266
24.8240636894449
70.5358449983444
74.9175353152612
67.5610808767181
67.186727650038
33.416682158428
9.53612380305697
8.65939789583259
32.7989530539876
33.8329638441233
24.8234648013166
43.2011720306303
57.7338801578723
42.2686298730677
34.046711896645
41.5151913612647
36.2294133181826
25.0613650913856
32.949522162811
40.4363726579552
69.1406235413468
90.2801863778459
78.8189949111619
47.2970694103998
24.8212557005543
18.8506986338986
17.8254732592313
16.8171561202512
15.2117864105258
14.0085796224631
13.5598232705234
13.2716043346144
13.0542162879263
12.6409822261185
12.418046955691
12.0233894064445
11.9893740657934
11.9004036259638
11.9699485225416
11.5023582595226
11.181193138802
10.8678580923339
10.8748568865445
10.6786620619742
11.0285635889126
11.0356800188143
10.67028070439
10.1445678154569
10.0769490816181
9.9935703555015
10.0332240580924
9.97035545462003
9.85796442344275
9.66142537113201
9.66095167901664
9.5779392863228
9.41789847043191
9.41166508809456
9.41541953199142
9.34292555317243
9.19366000515926
9.19238501848185
9.19525875757845
9.34667339706892
9.09911322176794
9.01500339025943
8.96596126058648
9.04444653352719
8.7715116654903
8.86861363956687
8.7663680122923
8.91456895524468
8.74272361408024
8.83743153468211
8.55860695843689
8.73346007213676
8.58389765771933
8.77879753052345
8.68964946167111
8.90357993866268
8.66909179674204
8.77240566265817
8.40455686653578
8.50463127889332
8.25063429178195
8.54087635491482
8.27094271943421
8.49675220862299
8.28089739389681
