gamma1_Cz,gamma2_Cz,gamma3_Cz,gamma4_Cz,gamma5_Cz,gamma6_Cz,gamma1_Fz,gamma2_Fz,gamma3_Fz,gamma4_Fz,gamma5_Fz,gamma6_Fz
1.16913467392334 ,0.343079699670341 ,1.36656019603161 ,1.05113909095188 ,1.87036947675261 ,2.03706089605633 ,1.320811851624 ,0.579611288152824 ,1.66949193879078 ,1.41950137393398 ,2.81822973679262 ,3.17912540550515 
1.68285611311769 ,1.08994489859839 ,1.12407386088518 ,1.41345194731045 ,2.24782832002523 ,2.3573983357016 ,1.90562033934718 ,1.24620366466736 ,1.24817524952251 ,1.59361627393652 ,2.49014237012561 ,2.60187396580699 
0.907542916750235 ,0.675226767786053 ,1.08749116839242 ,0.687486296623415 ,0.644366778044127 ,0.588867558406538 ,1.07670464114021 ,0.764174782544275 ,1.2712122057963 ,0.950609152992718 ,1.09685998530861 ,1.1030642150069 
1.66097110670196 ,1.00089728846922 ,1.44839019240261 ,0.449931594162205 ,1.27499299493875 ,1.5161208502856 ,1.6809863870435 ,1.05379445513246 ,1.69127204491396 ,0.406226111459488 ,0.954082127258168 ,1.22152180690103 
0.933469523015995 ,1.81733414227175 ,1.28238844145368 ,0.495625087969362 ,0.861550457595508 ,0.959630179131843 ,1.09037277309104 ,1.91310415568073 ,1.52747134377387 ,0.574040671825614 ,1.02196710063961 ,1.19231665684273 
1.13004473815232 ,0.983245268222838 ,0.920096600371183 ,0.94785663080234 ,1.18010287300945 ,1.13348772130932 ,1.28358257655835 ,0.991816925755494 ,1.1775817768864 ,0.934238408657938 ,0.969346918980203 ,0.84722618062996 
1.11836425056483 ,0.985360010423719 ,1.15187654099505 ,0.753157451874287 ,1.18911960619593 ,1.43172579612349 ,1.22503164077914 ,1.03216325665659 ,1.37190544360207 ,0.706140428912959 ,1.09785041364002 ,1.43453363027052 
0.989800214773589 ,0.712158912092426 ,1.12374940939519 ,0.525563128657311 ,0.467737037229462 ,0.478781466752918 ,1.17957661328902 ,0.778681927116804 ,1.32584771032692 ,0.761751356302425 ,0.581990041246018 ,0.378064324499825 
1.21038125399925 ,0.861715904930832 ,1.12146057777728 ,0.276624126247105 ,0.409084780973299 ,0.581020563109397 ,1.34929642543189 ,1.02445265626654 ,1.37675417236161 ,0.444291132254654 ,0.697796299414872 ,0.897707765649731 
0.511236355491069 ,1.5025715789764 ,1.10664576863847 ,1.20240825488588 ,1.83122153450585 ,1.82169575615392 ,0.721729463402064 ,1.54049709520911 ,1.31167885960554 ,1.31635495572034 ,2.04414327803535 ,2.06946893607651 
1.11935989732075 ,1.01796584316198 ,0.929681917285213 ,0.986764677772516 ,1.27330934558893 ,1.27821583515283 ,1.17264430367925 ,1.21898489279414 ,1.15450962608315 ,1.00376563957602 ,1.12497032503143 ,1.04611555781015 
1.22297775904506 ,1.08289287974854 ,1.3587268415013 ,1.00716707720002 ,1.77669801251917 ,1.9042440680997 ,1.38808187924014 ,1.0969169570765 ,1.55277221225452 ,0.945418160556 ,1.77063673641658 ,2.00965545816664 
0.657669288236588 ,0.801098885036862 ,1.18407176257023 ,0.661516506533767 ,1.13705257236751 ,1.28459053849917 ,0.979044564791416 ,0.786380977773512 ,1.35649387969301 ,0.850900922826333 ,1.20709106619945 ,1.29160455680416 
1.5798113199188 ,0.832199503123337 ,0.916171258167936 ,1.21985964847066 ,1.99693555567518 ,2.15649859183175 ,1.56682509625459 ,0.918448522604741 ,1.10707276478631 ,1.47421324826563 ,2.42142848754212 ,2.5906138220828 
0.595938640026829 ,1.00606178181917 ,1.09063960461495 ,1.42035630825583 ,2.31901240777654 ,2.41919656903545 ,0.610923275561431 ,1.18945811961771 ,1.26967955146621 ,1.64492709539788 ,2.70405947994635 ,2.86532026792791 
1.27725207107334 ,0.767591504725334 ,0.962055822688399 ,1.05170461709851 ,1.42958921417363 ,1.41315866269471 ,1.30941545201405 ,0.85763960320397 ,1.18456414021121 ,1.23392607635761 ,1.78517924348302 ,1.84823318694647 
0.730398483958134 ,0.893591906239127 ,0.945622612082588 ,1.33218940118653 ,2.04439636908695 ,2.10867274551333 ,1.06136575114017 ,1.19746822180747 ,1.28737831857658 ,1.88726370762088 ,3.31678615348137 ,3.58742647853687 
0.950068458898611 ,1.06956701717209 ,0.985444498067068 ,0.770834989137028 ,0.750530667662692 ,0.656492123820768 ,0.787452081695755 ,1.09704827036109 ,1.32509678964836 ,1.22495043296263 ,1.83873295263069 ,1.95604848139828 
1.71289834455161 ,0.988270365412953 ,1.09929021033594 ,0.311476339248197 ,0.4863941584198 ,0.713776203358408 ,2.0755661922015 ,0.959670640524988 ,1.23671357243522 ,0.622460809906111 ,0.381478762446255 ,0.281218499759441 
0.573986482469234 ,0.988195273825347 ,1.06300850074015 ,0.512548898972096 ,0.603297019507162 ,0.640240954709804 ,0.619324866978999 ,1.14778649431972 ,1.34635112481757 ,0.570108059800079 ,0.359821396394518 ,0.257134722692135 
0.676746737462473 ,0.886851987440138 ,0.964470446019863 ,0.488997701564978 ,0.260609283726126 ,0.113843297885846 ,0.697047415093705 ,1.08841834461493 ,1.18959001613157 ,0.555696018634466 ,0.210639225523221 ,0.185284048468033 
1.20815284673096 ,0.693997068515881 ,1.13828756637051 ,0.63606274906996 ,0.735860229389524 ,0.792606434096719 ,1.11543662781384 ,0.603064671069831 ,1.36885291457181 ,0.775706170542785 ,0.657072260158935 ,0.580735079901971 
0.938857828237867 ,0.772475065558872 ,0.967824342771492 ,0.745551200317459 ,0.748671628732136 ,0.604762793747416 ,0.887511846505529 ,0.774061453978152 ,1.234321122746 ,0.756685144903294 ,0.606985401723396 ,0.385726301409267 
1.3767381011093 ,0.914011683621856 ,1.04103239765185 ,0.84122483838186 ,1.24199273765446 ,1.24681224300251 ,1.27893685139134 ,1.068312500628 ,1.24222439208045 ,1.27237777626703 ,2.08669116768267 ,2.17493265929081 
0.740376399079304 ,0.759655264478858 ,1.0983601286603 ,0.375086577788446 ,0.113567931423504 ,0.101376294059428 ,0.980466420701236 ,0.746208645828568 ,1.32787253311492 ,0.538524617819876 ,0.499074803948128 ,0.606275542970912 
0.510181237039103 ,0.687419445630342 ,0.922411478794099 ,1.02885928699791 ,1.53739587151095 ,1.59460825265648 ,0.449567841875606 ,0.686566982335826 ,1.19878537727155 ,1.11668968320958 ,1.5799434975543 ,1.61949942509657 
1.74372612491905 ,0.825741755540298 ,1.0978991165632 ,0.475684453268604 ,0.442266414222966 ,0.429597637700025 ,1.33342727206618 ,0.727345649882447 ,1.2883184548423 ,0.641984580564912 ,0.503888658457752 ,0.45319764286819 
1.35624831562174 ,0.803722535912551 ,1.03704100369143 ,0.631862702260072 ,0.716728352984279 ,0.654895239779384 ,1.4320834340624 ,0.963056782853151 ,1.1749396189295 ,1.08313831122646 ,1.56839380910134 ,1.58277788965579 
0.801737070266617 ,0.777695890714218 ,1.10784121331199 ,0.700144838957898 ,0.864812123382898 ,0.899281863304583 ,0.848452352947738 ,0.884568549750951 ,1.35687295935671 ,0.864588786031323 ,1.17301992520466 ,1.26657631249774 
0.697137459200383 ,0.592906388224235 ,1.04798648162393 ,0.829155493329208 ,1.1563554045355 ,1.1713776826501 ,0.828800517993858 ,0.6891509251701 ,1.14516756468776 ,1.28592049731289 ,1.99971336445324 ,2.10403105324191 
1.30085883481112 ,0.784937642907294 ,1.15099132869705 ,0.825797117105057 ,1.27685118565176 ,1.40976195433881 ,1.56309893499667 ,0.948483732673258 ,1.34222819574325 ,0.90064746802609 ,1.11810774895957 ,1.13568034159006 
1.10466064359425 ,0.565155188031677 ,1.2165326287788 ,0.527525510377512 ,0.532952934692047 ,0.494344128781744 ,1.15511821270674 ,0.596766100626883 ,1.50175403451216 ,0.750805253877711 ,1.24805180628256 ,1.42826185252421 
1.30525162773425 ,0.957928715459713 ,1.0261750024618 ,0.762844487596449 ,0.869782712060388 ,0.834789247350745 ,1.49102608458776 ,0.950397938761889 ,1.28137905357506 ,0.938893433777726 ,1.05373344852887 ,0.984777395796247 
0.933039077645386 ,1.23028426189034 ,1.06847691654993 ,0.776365056803636 ,0.994130806508151 ,0.98703992485611 ,1.14239346192854 ,1.32351795605053 ,1.32648494685584 ,0.9925186286402 ,1.45260126245607 ,1.54321915690011 
0.789965530647999 ,1.14746856497449 ,1.10329149055943 ,0.456850453297714 ,0.194136751835996 ,0.154033275931018 ,0.953928884071286 ,1.12398506123913 ,1.38548564781359 ,0.553859495785003 ,0.192647999147678 ,0.125546392449548 
0.730030775800353 ,0.991347485656669 ,1.22229408873998 ,0.76573462850927 ,1.14693725244112 ,1.1686007892616 ,0.993271558113863 ,1.4052388531741 ,1.47851774874046 ,0.91664309496943 ,1.4630951287049 ,1.5326739047885 
1.12813026828571 ,1.05595186247016 ,1.14635320587762 ,0.563350396456427 ,1.01676374802346 ,1.2411891052299 ,1.27100348997811 ,0.976839486733126 ,1.34774425308355 ,0.638044198291105 ,0.786011466000539 ,0.950182562780596 
1.59230457543802 ,0.641754684782384 ,0.939057235921629 ,1.16837578436901 ,1.79744824340936 ,1.90466579752525 ,1.81514110842396 ,0.562907473881791 ,1.14918024588569 ,1.40639019121669 ,2.18206163814746 ,2.31035775921489 
0.900118188784622 ,0.914586952467808 ,1.05783470635351 ,0.616192832232909 ,0.498118429949132 ,0.39174090853332 ,1.15913180106729 ,0.80937095404116 ,1.2799616950345 ,0.731811856826129 ,0.801746946806883 ,0.90320325921833 
1.1688724196315 ,1.17740798819521 ,0.980670317427614 ,1.02481531865828 ,1.55711401169753 ,1.66220843054594 ,0.930896949887838 ,1.08482944789609 ,1.17251316038982 ,1.36719230574714 ,2.14258749042489 ,2.3005403599726 
1.01696220697599 ,0.48128543466153 ,1.09022537978723 ,0.957398214176054 ,1.40173687079953 ,1.48851787717324 ,1.24307879459159 ,0.478440625352853 ,1.25511093700702 ,1.04530514927932 ,1.37649925031214 ,1.4151830640533 
1.36813965307404 ,0.784992311242391 ,1.18922638456943 ,0.319732506104988 ,0.584627153954167 ,0.827856326558898 ,1.47702114161325 ,0.838338620753171 ,1.32360257939424 ,0.645829144301208 ,0.337555703219059 ,0.203935656157374 
0.946675315415579 ,1.04277600047267 ,1.15258888865777 ,0.592888926707195 ,0.836230279543041 ,0.912825319208236 ,1.07579447556181 ,1.35385781741226 ,1.36615819020395 ,0.968996537885123 ,1.74793359009383 ,1.97732394385845 
1.15081426219922 ,0.801578237102071 ,0.941124881740237 ,0.406309128314624 ,0.256705647805694 ,0.147027986406891 ,1.30832377764366 ,0.862016578495116 ,1.21326269660593 ,0.368379286724776 ,0.297908437037598 ,0.3759899723356 
1.35589997727445 ,0.540241602689779 ,0.550981936332221 ,0.256094980330123 ,0.153051637507271 ,0.114330090439255 ,1.4401729235794 ,0.654632500439983 ,0.687001495606436 ,0.30041105033166 ,0.474308866099545 ,0.61531103332221 
0.744547445427163 ,0.711372515584915 ,0.639090409067208 ,0.261541278676782 ,0.228499407980974 ,0.204206985640411 ,1.00689988882483 ,0.589904587737705 ,0.72798412209643 ,0.436751062647935 ,0.477677123890604 ,0.453985125729231 
0.957035956002917 ,0.848096413775328 ,0.584329194536386 ,0.343851540804709 ,0.382679237767943 ,0.351843503926261 ,1.01396236138207 ,1.08253317004605 ,0.794675907863379 ,0.18511541129433 ,0.417865136684862 ,0.600232215571459 
0.58636420128118 ,0.592164770912354 ,0.694328048504485 ,0.91314259858665 ,1.46796227270824 ,1.53553466751228 ,0.623962475760538 ,0.577354419464554 ,0.655048776880525 ,0.673794165259128 ,1.06126684755339 ,1.09578982855216 
1.75357932467825 ,1.99738214728385 ,0.798879196851638 ,0.610100848727932 ,1.00436577840135 ,1.12121995890468 ,2.1405217676416 ,1.79006396906636 ,0.658466087316646 ,0.732466597823143 ,1.44892345235558 ,1.66072232246854 
2.13798762006992 ,0.899473904332727 ,0.991197167840596 ,0.814921601094466 ,1.84649792878148 ,2.12583360544928 ,2.48141099569132 ,1.01398413873346 ,1.05420842402471 ,1.30792027406278 ,3.03352775031295 ,3.50151569865014 
2.10881943261786 ,1.5840177261055 ,1.1515385676557 ,0.407550438624825 ,0.452035986760608 ,0.481913692520488 ,2.26778764305882 ,1.87864949426578 ,1.24441497945556 ,0.918608106448532 ,2.16625337502271 ,2.50014879118904 
2.37783528205233 ,1.63479722882159 ,0.971161710048756 ,0.530125321976791 ,0.684939536002527 ,0.671710477761626 ,3.38688109511989 ,2.09320712269511 ,0.942798710086372 ,0.481288291960247 ,1.06818629663643 ,1.28697024802882 
2.18410244970154 ,1.34517744569389 ,0.912944306577323 ,0.360868197127425 ,0.330506456384224 ,0.221197690867866 ,2.25821338475588 ,1.31235586771783 ,0.817407106868359 ,0.467260555345827 ,1.02928114815306 ,1.11092381193196 
0.942390434186046 ,1.03393143442103 ,0.793311190569155 ,0.749416301327336 ,1.08982592608549 ,1.02986039914347 ,0.983910971727594 ,1.19836212352944 ,0.646015918367352 ,0.778375476994488 ,1.2362671903814 ,1.20430446565876 
0.574581553579404 ,0.659671413950423 ,0.928337490134421 ,0.920727017562762 ,1.59104748330546 ,1.75250944753442 ,0.4005355740096 ,0.685964815826553 ,0.744795396656628 ,0.568836581434527 ,0.877003910392801 ,0.970946175009767 
1.37020507029733 ,1.07689433967354 ,1.1257365305759 ,1.13066650954615 ,1.83955498360399 ,1.91432459432864 ,1.45827399610377 ,1.23412981205937 ,1.1482093979016 ,1.39614278627182 ,2.63255637171558 ,2.8867120529564 
1.25985244902418 ,0.836301422444751 ,1.11821656233985 ,0.490581563166534 ,1.59473695636118 ,1.9580687489759 ,1.43765395300007 ,0.855674053559782 ,0.948369920265642 ,0.496332463601048 ,1.67821895499443 ,2.07952285475208 
1.70080438193775 ,1.13724401652965 ,1.37642714846588 ,1.37833329879812 ,1.82798678233739 ,1.71508099709052 ,1.92406346021993 ,1.29981786669326 ,1.51138850121751 ,1.45044115289582 ,2.09504282030125 ,2.07438327804528 
2.92608153989817 ,2.25658576953716 ,1.59863085347318 ,1.18556205680384 ,1.86682272516182 ,1.96272631775932 ,2.73750263457401 ,2.04229128710747 ,1.58516309923459 ,0.980803907462684 ,1.31257925001649 ,1.34231156788141 
3.87138407776043 ,2.37843653429623 ,1.5017106409694 ,0.728695524809031 ,0.762880446175447 ,0.920839817842698 ,4.04575112375521 ,2.3114001089917 ,1.65855663972391 ,0.931729381356289 ,1.16942489097424 ,1.33349768644471 
2.7364426015391 ,2.30526501580085 ,1.06976362654198 ,0.967467710712901 ,1.54152219064947 ,1.5285942945678 ,4.0807615772116 ,2.78211626253878 ,1.2543367715093 ,1.33238783253491 ,2.3700122387141 ,2.51153152573696 
2.29933012542566 ,1.7924133872024 ,0.847920114873188 ,0.826446926704382 ,1.04168710885852 ,1.06354736218943 ,2.91305340731254 ,2.19500677095268 ,0.969946032924297 ,0.946580635890508 ,1.1708338811513 ,1.23997990982069 
1.03598495395261 ,0.926121914535629 ,0.984137428947932 ,1.02942985483709 ,1.53333741345735 ,1.54035513624588 ,1.17314905583019 ,1.20959266416114 ,1.1288024763182 ,1.20935845848894 ,1.84891166857498 ,1.87175762131288 
1.36914405814684 ,1.0200726485433 ,0.991131286238836 ,0.727436043949735 ,0.842360131778374 ,0.80463017804998 ,1.61446816702734 ,0.852895162029446 ,1.15584685657406 ,0.779779168395225 ,0.886431859909473 ,0.84994219269752 
1.80222894591223 ,1.219322906547 ,0.858405839154198 ,0.951071261317617 ,1.41026744359535 ,1.46905946033089 ,1.83888212517443 ,1.40903554426288 ,1.16122737547301 ,0.614005949282796 ,0.467931680459194 ,0.376901269633002 
1.77353378289096 ,1.39391789645571 ,1.06848127199456 ,0.395963337230099 ,0.492091305386498 ,0.581831155867761 ,2.31566417658215 ,1.60941797478368 ,1.26580682482702 ,0.478669934988974 ,0.657963564609598 ,0.772385003783059 
3.1316372378887 ,1.76503503923056 ,0.915497648649138 ,0.771426436157909 ,0.776526681825862 ,0.66334912006126 ,3.53508820865859 ,1.80864503992308 ,1.07098892765419 ,0.979181699901553 ,1.05485033837849 ,0.885825224742136 
2.04972026540211 ,1.32878900271943 ,0.79537843647422 ,1.05411790837429 ,1.63146093673485 ,1.70834996835878 ,2.22258188803648 ,1.35811175466498 ,1.13841314171563 ,1.31071753422076 ,2.19472096064777 ,2.40401543565946 
1.23916563424679 ,1.20919189436743 ,0.878475199016254 ,0.849411078249608 ,1.26125173885673 ,1.29809565727694 ,1.16206426345646 ,1.27046311903573 ,1.07546964084904 ,0.838201437519042 ,1.04476442441589 ,1.01356449023187 
1.1075986923182 ,1.08210367067832 ,0.94272606570435 ,0.491986069127613 ,0.354413167113979 ,0.255922106182843 ,1.09410372115901 ,1.0678723158368 ,1.11177107032649 ,0.575135555370455 ,0.412549544175111 ,0.293668810039996 
1.64369469210014 ,1.4568953564554 ,1.0290666951782 ,0.56440155257979 ,1.85385190863983 ,2.21326904817575 ,1.36262338400996 ,1.28089158782333 ,1.17540312119187 ,0.321595528532412 ,1.272271526126 ,1.65644910860989 
0.752476333798247 ,1.49626282189925 ,1.00020193935651 ,0.531506782321781 ,1.15198713887417 ,1.44974656677009 ,0.703783646060351 ,1.3954648008848 ,1.14595312256785 ,0.443023094367537 ,0.912632184508475 ,1.27065886399624 
1.58450624712791 ,1.4120144471695 ,0.855518789225782 ,0.484307980461634 ,0.421326458001702 ,0.357795737110523 ,1.75106639179889 ,1.37121030679538 ,1.03933273682326 ,0.52512847223304 ,0.341080009043688 ,0.261206310282548 
0.944106233225732 ,0.658826807501449 ,1.02120077451598 ,0.436101566512044 ,0.333496684233405 ,0.217524121611193 ,1.29197990890129 ,0.748652310755963 ,1.14596683896282 ,0.784298012521687 ,0.914828026336477 ,0.83577623801249 
0.99077548200861 ,0.728924593462225 ,1.10342258528389 ,0.649771237572203 ,1.21355744625554 ,1.39070497084581 ,0.916015009833349 ,0.82645040210701 ,1.28028481774583 ,0.592545762319071 ,1.07779432031194 ,1.29051473391409 
0.876328916098929 ,0.550415512570854 ,0.820834633232419 ,0.470214429262378 ,0.321175327076755 ,0.213117657807129 ,0.930024642979907 ,0.676530758023992 ,1.1034648041602 ,0.543804129870214 ,0.561860349746822 ,0.63322553003508 
0.757541602871876 ,0.6455913106797 ,1.0294823039652 ,0.534726347596396 ,0.769181259900206 ,0.865919885567896 ,0.853598320284389 ,0.660603337007617 ,1.14553603087952 ,0.629127711531185 ,0.755087663321761 ,0.816981991878575 
0.861497308634845 ,1.11254192518155 ,0.88591594259873 ,0.513689435199392 ,0.446030308570796 ,0.366630086798671 ,1.04193500756132 ,1.29295575916056 ,1.07881869577797 ,0.704938898048941 ,0.717391621384564 ,0.637486719141462 
0.783301897367391 ,1.00704088884269 ,1.0593911331774 ,1.05124988440332 ,1.8134881280928 ,1.95877507930751 ,0.739195998361213 ,0.794269798638004 ,1.13471390568814 ,0.872161331744866 ,1.16012921835016 ,1.15088575453995 
0.414441519355949 ,0.405979121928166 ,0.875731831682195 ,0.702720885715861 ,0.912983621073527 ,0.879076638605295 ,0.627636365350342 ,0.674982657839453 ,1.03278418940273 ,0.456476916258932 ,0.179888540908213 ,0.105612282705547 
0.811774882880681 ,1.07999137601024 ,1.1223858968375 ,0.362308257302191 ,0.202390426742492 ,0.169807610307491 ,1.07624444785918 ,1.19571021107228 ,1.23575782496132 ,0.578748101297957 ,0.669317391992712 ,0.731881782671093 
1.11011498688244 ,0.65485569871646 ,0.899588431596833 ,0.905557605371711 ,1.39595610485994 ,1.48170146695106 ,1.19212920729467 ,0.653604542350708 ,1.013737597285 ,0.910419090043058 ,1.29693697857384 ,1.3639133489332 
0.606822918475844 ,0.558528792336948 ,1.68825046446622 ,1.33791568201994 ,1.58052700056476 ,1.47506486538203 ,0.831681337949188 ,0.50647387531096 ,2.12311082820213 ,1.41826215173832 ,1.41357879104513 ,1.19211111301884 
0.665379487346045 ,0.472344252136376 ,1.7279625452853 ,1.42784916050428 ,1.72324136740668 ,1.66770860281648 ,0.932012048410748 ,0.542606654866297 ,2.12212956121754 ,1.65642330427776 ,1.96966928433252 ,1.8919260143817 
0.492833689693271 ,0.693257083916798 ,1.85414866349985 ,0.947684831544535 ,0.806200072224324 ,0.807975278259265 ,0.493544856178254 ,0.937097761022516 ,2.24416429256468 ,1.09812821445929 ,0.794549589663032 ,0.776744912155637 
0.559388199766693 ,0.703539437174445 ,1.90174964524619 ,0.942958420019529 ,0.929715232634524 ,0.975747722946024 ,0.371071082477397 ,0.830030254595096 ,2.29418017107022 ,1.31858346022344 ,1.51926408430622 ,1.60495230182217 
1.18313017884755 ,1.0815488869833 ,0.807184273782377 ,0.686307449572182 ,0.860863047052025 ,0.782388036781344 ,1.37071747381802 ,1.25890936770893 ,1.04930138247099 ,0.772722403175739 ,1.08876541980434 ,1.10041951846486 
1.08129141531448 ,0.827406360241757 ,0.961283965275933 ,0.203821243073877 ,0.499343994993858 ,0.681994233726013 ,1.30679284586292 ,0.878024162330771 ,1.01212421351171 ,0.51829699531851 ,0.263170742441347 ,0.117107012805088 
1.9349932537653 ,1.67600895127098 ,0.98344140445723 ,0.576945457676617 ,0.528115411975489 ,0.404738203505765 ,1.97534226664578 ,1.53560159004906 ,1.13674515809134 ,0.595608142761527 ,0.488291803651963 ,0.38775155350091 
0.525452749853058 ,0.434041327942594 ,0.940296022113089 ,0.377758655382849 ,0.236958659748554 ,0.180798611371628 ,0.624187940791045 ,0.402305050814311 ,0.997982927490657 ,0.843499917072827 ,1.11588134525029 ,1.15009299704679 
0.779900727768487 ,0.442960320559342 ,0.891971669468737 ,0.605629150927035 ,0.997775458730365 ,1.15234507412446 ,0.736843995602428 ,0.574739930735964 ,1.08532744900375 ,0.633737195525588 ,0.953386380919269 ,1.10983128309251 
1.23128828174033 ,1.27332215487098 ,1.13936909314167 ,0.481806892636301 ,1.4815134323242 ,1.85593977903548 ,1.72925129567557 ,1.62222496453917 ,1.42413493444096 ,0.800917557893573 ,2.44995480323267 ,3.06180181448909 
0.99980712035364 ,0.911609689303581 ,0.444438721279283 ,0.563785894781449 ,1.31619175024031 ,1.47718604084761 ,1.30359722226247 ,1.13899667364742 ,0.567305202631212 ,0.663732307821618 ,1.67749548896766 ,1.91869902460529 
1.34554267477885 ,1.53044362063278 ,0.912338983755309 ,1.33275924863188 ,2.89020930894068 ,3.27314470224623 ,1.47161880184129 ,1.5430023559594 ,0.948038898913299 ,1.26440845424397 ,2.90958936153093 ,3.3541625053373 
2.87908725231542 ,2.96868544207021 ,1.03029853695125 ,0.868886688478511 ,1.51904907825479 ,1.61391589443892 ,2.66681583915043 ,3.02726307037759 ,1.16840020648388 ,0.845832865869555 ,1.56037394113273 ,1.70514391734725 
2.61365020122244 ,3.34940554755018 ,1.25040089922576 ,1.19332362627121 ,1.40398177734845 ,1.33457184516849 ,2.58425114682918 ,3.15850914790091 ,1.40786968299361 ,1.37967515875162 ,1.67692277946502 ,1.60499173230678 
2.2977303642813 ,1.93272844210233 ,1.39380825637268 ,0.72947973658085 ,0.866459162998142 ,0.907447643142495 ,2.50668235581312 ,1.96934453922823 ,1.48293752702528 ,0.612825377066961 ,0.335545861015198 ,0.296252916733582 
1.2033338474048 ,0.848755128861226 ,1.09419585939094 ,0.32727017333097 ,0.965148493943846 ,1.34467316236298 ,1.39732890583007 ,0.973242358549396 ,1.24743604514344 ,0.35150996498332 ,1.18443138660574 ,1.69416246497163 
1.96431673366978 ,0.77598786439148 ,0.921365146271746 ,0.800897483017551 ,0.931813900294944 ,0.803376440219686 ,2.24390295428036 ,0.926223130661518 ,1.06054623437252 ,1.18843170596197 ,1.67069386748123 ,1.59771027366067 
1.60153317562139 ,1.62579296483885 ,1.21595361367311 ,0.859671985633995 ,1.18734598524803 ,1.25235873723779 ,1.79089314599458 ,1.84048645587851 ,1.22902861238416 ,1.20074395428817 ,1.8052133765588 ,1.87698667310479 
1.42462780707043 ,1.01290402830117 ,1.15977015319503 ,0.677884490630019 ,1.15928068491182 ,1.42898497341344 ,1.67970277536297 ,1.04269109180391 ,1.22072531961712 ,0.598071052085973 ,0.788764352210537 ,1.0516129138243 
2.47088372676543 ,1.68893910741012 ,1.26597484130795 ,0.717349113866078 ,0.640197802165383 ,0.640452081578606 ,2.85843287765902 ,1.6803647237107 ,1.26357743685174 ,0.899720615501525 ,0.728291087910589 ,0.741810119572124 
1.80650539379694 ,1.03636324561885 ,0.603749876561102 ,0.15427770096469 ,0.242161057441097 ,0.309781199132369 ,1.68203535969269 ,1.0384267528626 ,0.700606250229309 ,0.575308455350415 ,1.02274595721507 ,1.18325052676856 
1.0591285696597 ,1.37220627087245 ,0.690534553536696 ,0.770113134594118 ,1.44047751950018 ,1.57407975681594 ,1.17262166552258 ,1.4877024790083 ,0.771474621075944 ,0.481914139954114 ,0.854999324476628 ,0.937027398328321 
0.827620045830182 ,0.90735691792014 ,0.498432948182273 ,0.354814001169852 ,0.47102182466094 ,0.474240755066774 ,0.859823116496297 ,1.23478194039144 ,0.666915705256175 ,0.794430883563756 ,1.3813992658219 ,1.48052982512 
0.559866233531051 ,0.508711003327399 ,0.467476396224504 ,0.359114396993998 ,0.556765412022801 ,0.554089563642051 ,0.797755066099388 ,0.688475277348977 ,0.594710648327515 ,0.387426962283261 ,0.462175707258631 ,0.397048193598549 
1.18165275772103 ,1.08162954253728 ,0.527682792356758 ,0.257441256020894 ,0.440593424663721 ,0.508091685833869 ,1.36312811391093 ,1.12724643421762 ,0.689581514421486 ,0.281698636337627 ,0.331443544123949 ,0.419387923424705 
1.20484641936136 ,0.684094686195367 ,0.520240149537914 ,0.56699388896971 ,0.891122994268003 ,0.915941791222418 ,1.14218349300297 ,0.735785642324124 ,0.673600955976298 ,1.02301359896302 ,1.77990136002973 ,1.91693399679243 
1.90182072406648 ,1.29943895884643 ,0.757656706015225 ,0.717750301213862 ,1.27683374033253 ,1.38281364136531 ,1.97485196537308 ,1.24372354077428 ,0.740576208713383 ,0.495317399197166 ,0.704279907266307 ,0.736888228994583 
1.43977739981272 ,2.38934569327522 ,0.812640536179379 ,0.270062437601788 ,0.183615151230876 ,0.310898802383351 ,1.96078080033376 ,2.47492169795925 ,0.93888446620519 ,0.351605085320079 ,0.759594212014883 ,1.0416641126695 
1.38675590445401 ,1.63527252696318 ,0.62510027042028 ,0.519741165463285 ,0.981977435004004 ,1.03788502491969 ,1.77636307381413 ,1.34940200852537 ,0.564975912841663 ,0.511028736290535 ,0.780748770073709 ,0.808365568455454 
0.721000045244393 ,0.485885198725278 ,0.372218716915784 ,0.246834988821422 ,0.366350608608737 ,0.396031973253435 ,0.665165140342735 ,0.431773272013069 ,0.478481180697621 ,0.505118801838966 ,0.713120659587175 ,0.734422804505094 
0.651591891112126 ,0.382784473833477 ,0.409924165043661 ,0.296645024094876 ,0.300483785235065 ,0.263028312813566 ,0.940188590198077 ,0.420568410969689 ,0.606276850425631 ,0.32071221128873 ,0.220228581076349 ,0.136528703683534 
0.928607460980559 ,0.724153284679172 ,0.662484121140085 ,0.531760033291905 ,1.09678134486407 ,1.22695175314213 ,1.07002972026381 ,0.653563944645913 ,0.736313847652623 ,0.394542394063301 ,0.631285440325429 ,0.706960743190023 
0.585147679053647 ,0.479719867230812 ,0.4647875555389 ,0.432150845376321 ,0.665771681914626 ,0.664912808488268 ,0.558380904102892 ,0.476693219507765 ,0.549551206366135 ,0.361185461199181 ,0.337659069520171 ,0.353130826100763 
1.7551691743899 ,1.75952088357038 ,0.636305248151934 ,0.478435563595888 ,1.23336911854199 ,1.45516268719112 ,1.77571831973592 ,1.64888177253333 ,0.740259120099049 ,0.456473327735181 ,1.25980325582784 ,1.52670340878973 
1.40757914754762 ,1.45981152099655 ,0.506486374280007 ,0.15919610870147 ,0.225135165713303 ,0.20426499246524 ,1.34544427847421 ,1.44748042418113 ,0.574626343087264 ,0.343173754734745 ,0.424658396633594 ,0.425875716605595 
1.78919308967266 ,1.2756588190971 ,0.672131659854743 ,0.739136120375489 ,1.56277572411786 ,1.74184547786955 ,1.46552135409509 ,1.03967805832856 ,0.790229100099903 ,0.704322005897175 ,1.62324644921145 ,1.87022076650664 
1.10931431142703 ,1.07666553895873 ,0.928002649599295 ,1.11309437207119 ,2.20468443742147 ,2.44151916284842 ,1.25253237119807 ,0.999150106793421 ,0.812667222023735 ,0.736862681471115 ,1.65241270459019 ,1.91250310305511 
1.16654660915804 ,1.5659339646719 ,0.682005157109637 ,0.940354506150727 ,2.08976858853912 ,2.27739582664148 ,1.16934237000296 ,1.66393943739852 ,0.680708223531367 ,1.25549247335318 ,2.83502961873604 ,3.16812813112897 
1.84003573305948 ,1.37954561883161 ,0.468250146967392 ,0.887447814732414 ,2.11487355505001 ,2.42770355568997 ,1.7476178143661 ,1.3674652631565 ,0.365513073906971 ,0.88255685797077 ,2.12966075659342 ,2.47719653894378 
1.63077775486667 ,1.5494398689445 ,0.758169191133269 ,0.920752943135963 ,2.37829755660361 ,2.90303699803929 ,1.7760385197021 ,1.39535742412422 ,0.538213868661332 ,0.825637063026093 ,2.01046168812994 ,2.41701496020982 
1.09661816769088 ,1.19657522411458 ,0.548914548318716 ,0.825165472147168 ,1.96750202368903 ,2.28596908907805 ,1.17892242734509 ,1.05994584191193 ,0.234326714455502 ,0.360047214712466 ,0.630905718939318 ,0.652529121226822 
1.94199401334943 ,0.858308658622369 ,0.588693017354894 ,0.522179625479718 ,0.998772459075309 ,0.991863970063483 ,1.833173038016 ,1.19701898419076 ,0.64029544061417 ,0.621825271562787 ,1.35245959624142 ,1.44360708516291 
2.20241766189671 ,1.86962419937244 ,0.303377663272935 ,0.154449079471867 ,0.22534841896748 ,0.239975692786541 ,2.07165211618456 ,1.64646443164456 ,0.389810393669547 ,0.452512972605915 ,1.02564557193712 ,1.16081575267097 
2.14831940769859 ,1.55319390568562 ,0.246085454744175 ,0.445688381443837 ,0.874329291452119 ,0.965946933245696 ,1.73903296240279 ,1.32867448453493 ,0.289641893932683 ,0.355103680430918 ,0.551784678701328 ,0.533640424788992 
2.48377157658818 ,2.45243086134014 ,0.746042986620075 ,0.488455965114076 ,0.915367109442697 ,0.858318016787198 ,2.90921262844339 ,2.36743397196722 ,0.729484308248648 ,0.290019353564282 ,0.665509252915692 ,0.599729179185262 
1.55989587445134 ,1.58798926957884 ,0.363504130360777 ,0.466249440191453 ,0.708619925773553 ,0.682800710116409 ,1.32069325228988 ,1.29862158427156 ,0.472371509472957 ,0.447443705636975 ,0.758694733967401 ,0.760593585216449 
1.53386795721111 ,1.30640860094497 ,0.480359866624356 ,0.144353605245862 ,0.177852876565285 ,0.206065688254021 ,1.39023801648916 ,1.28941712433905 ,0.451814545777311 ,0.182950437680632 ,0.320957864631579 ,0.365500960518216 
2.21824835642216 ,1.04827504562544 ,0.584008972528903 ,0.945487363348427 ,1.99902931503015 ,2.18527937054574 ,2.25527623426817 ,0.93735265389417 ,0.495589144062414 ,0.680387666775747 ,1.54862240729258 ,1.74824805872707 
1.71656345291843 ,1.10125054172768 ,0.384739427706378 ,0.584026487486633 ,0.953575556112946 ,1.05865454663599 ,1.48284743311249 ,1.00310761157111 ,0.330873768821584 ,0.566883711684017 ,1.12478514154783 ,1.31370230418006 
1.65570763543044 ,2.35246807951906 ,0.52109461760396 ,0.804235630010085 ,1.45617751222544 ,1.52721673108699 ,1.61587380770703 ,1.98908010106798 ,0.516814155169828 ,0.966248396668419 ,1.84825182231055 ,1.9840303691937 
2.90193279716139 ,1.77811188176774 ,0.554854388356005 ,0.721279574587732 ,1.27467254571922 ,1.31716247828522 ,2.54986091695301 ,1.4062432821748 ,0.557588804305348 ,0.491026235771256 ,0.679273800627084 ,0.670666108121087 
3.00727589083223 ,1.71942616880265 ,0.481860821076433 ,0.63420244357185 ,1.23895695846957 ,1.29104855648899 ,2.86251137790052 ,1.7304036797122 ,0.548543447106189 ,0.734166683951786 ,1.37864342888847 ,1.4530812174557 
1.49546550292348 ,0.723631188804862 ,0.523654370435257 ,0.996675467801831 ,2.04889692921509 ,2.25735046458819 ,1.82397155142703 ,1.04198080195795 ,0.658776613404634 ,1.11286595347173 ,2.55225735555956 ,2.90323097412101 
1.35833760119194 ,1.20111612746293 ,0.304624788769736 ,0.554300525499874 ,1.30162031981156 ,1.51003912954704 ,2.06519617582292 ,1.33968110345349 ,0.371273433341405 ,0.333202555427782 ,0.864539850267445 ,1.03312336106496 
2.80333739004877 ,2.71647561844142 ,0.588915509921517 ,0.361929183201043 ,0.866105375927792 ,0.829836619120223 ,3.11498965244176 ,3.17003703770135 ,0.752074462295892 ,0.55342126437639 ,1.31201546476884 ,1.29905134330532 
3.28510492869286 ,3.02510053792703 ,0.593846341200783 ,1.00108502614726 ,1.38017459809691 ,0.905200480492963 ,3.62953389378993 ,2.98375178427658 ,0.844793515427003 ,1.25789657895733 ,1.69564061512837 ,1.28489548548282 
2.27034431529861 ,1.75470701788315 ,0.916043373219666 ,1.08770987473957 ,1.50712458778585 ,1.48207784891911 ,1.68307454996555 ,2.09340679212965 ,0.942762397465922 ,1.15278438251709 ,2.80497177378089 ,3.23974239203386 
0.741801052680278 ,0.647363237573506 ,1.07922567899372 ,0.938010812512837 ,1.15726442723219 ,1.11330184648881 ,1.09440109555917 ,0.809653056162018 ,1.04998919162217 ,1.05253168554951 ,1.48514024735225 ,1.51288720856455 
1.38044632220205 ,1.40828350609023 ,1.18195042779846 ,0.742647395156255 ,1.93142621698675 ,2.31867812123667 ,1.44836456933799 ,1.5071854350825 ,1.13161899878014 ,0.608904083331694 ,1.5934391383476 ,1.9554629788923 
2.70255459344615 ,1.47848573031158 ,1.05442577888946 ,0.671334351751006 ,0.83125113387632 ,0.905964203441532 ,2.60946037438517 ,1.75502083684053 ,1.06304155329179 ,0.576524357822792 ,0.55662969254397 ,0.591329827586035 
1.47356577483055 ,1.41515968694138 ,0.924061479612665 ,0.684136623399986 ,0.721334600979296 ,0.55807273175982 ,1.85797460980027 ,1.54705936761505 ,0.864478656770427 ,0.696685963853856 ,0.702561946124203 ,0.505698603558248 
1.69071557162057 ,0.84773926919572 ,0.98393820607832 ,0.368872114676742 ,0.196134289910298 ,0.263065533403756 ,2.11714980882713 ,0.787265594767547 ,0.97527507363006 ,0.530363222072758 ,0.843454705203485 ,1.05081114866225 
1.92986321193648 ,1.22412296669817 ,0.90482202843349 ,0.579678079754395 ,0.61142944182952 ,0.646746913770563 ,2.0586091095852 ,1.49389655472127 ,0.869623893868666 ,0.583023976742448 ,0.608705833685083 ,0.634087100370503 
1.87890688494408 ,2.52629988111381 ,1.23570714300596 ,0.654658593187439 ,0.859477446971399 ,0.821799446403014 ,1.8356572474486 ,3.02893306580605 ,1.21619642127476 ,0.488000894114739 ,0.477755935510493 ,0.424971206786669 
2.0714996735909 ,1.63451198017254 ,1.41268153575927 ,0.744510916720067 ,1.4880118450065 ,1.61713160310981 ,2.42201409448749 ,1.58334517155677 ,1.42446250111217 ,0.657133831970678 ,1.51042556552691 ,1.68730363615642 
0.715982376243524 ,0.484077059694647 ,0.820474878679064 ,0.530734603110089 ,0.570354627778338 ,0.548549551398815 ,0.885442792274967 ,0.581409406367066 ,0.759461803339024 ,0.576778951100391 ,0.708281801777789 ,0.710784067768628 
2.19239344518333 ,1.76233238386229 ,1.10557622372106 ,1.18875690862264 ,1.96601024053062 ,2.08881448577721 ,2.65471084199354 ,2.04409154055871 ,1.08022518872412 ,0.997094475068525 ,1.50671028328615 ,1.53276918547051 
1.87030072247842 ,1.41181457023745 ,0.907512457148189 ,0.788861589296538 ,1.2096169602858 ,1.31602717253196 ,2.02197705202599 ,1.21589113566329 ,0.809023607627176 ,0.491537788223312 ,0.5518938855994 ,0.574568292448147 
1.10218887571372 ,0.678198109569226 ,0.819177591576192 ,0.68823983720511 ,0.882028723612646 ,0.863733150113044 ,1.15900971656742 ,0.696270829265245 ,0.745516371131112 ,0.397256941267653 ,0.225584190852422 ,0.162552908403649 
0.793453901565569 ,0.650949869206303 ,0.857157120890399 ,0.544080858777112 ,0.497579753382682 ,0.399193032022616 ,0.683310621704254 ,0.668674648884342 ,0.827280854485947 ,0.657164648264278 ,0.83602277175409 ,0.826790931328694 
0.588115579443337 ,1.0372219799965 ,1.02521073906994 ,0.393259105455951 ,0.384147879098542 ,0.390113730335864 ,0.690665041429235 ,1.09160436894989 ,1.04424649598471 ,0.622598918285766 ,1.05768784444054 ,1.17346067610386 
1.5834360845446 ,1.09001095086608 ,0.784772800144371 ,1.25287999276122 ,1.91550991783645 ,1.93040395211948 ,2.07437285532259 ,1.23266877146101 ,0.78055044072128 ,1.0620936515056 ,1.54541090411119 ,1.50464843316068 
1.55820822634464 ,1.41382005178352 ,0.895640878722024 ,0.882481340716362 ,1.19375508849368 ,1.216141037074 ,1.80521034536492 ,1.53071559283269 ,0.866385550969627 ,1.20382739177816 ,1.9143699899661 ,2.0261572701998 
0.543481747966734 ,0.834645575860589 ,1.11636735890315 ,1.39727219595936 ,2.00019218924417 ,2.05682858292047 ,1.0158180064999 ,0.926489906301524 ,1.17388439604553 ,1.69101014963606 ,2.71399113088073 ,2.89956831410767 
