18.151849180806
64.4647021134999
109.142470091868
241.806355902937
347.606579301416
351.523374083233
359.748189832838
401.1470349952
349.576028238522
127.673313000051
150.045993088231
254.485469267723
228.430408470246
114.701111628272
40.2734496322974
147.102849787732
197.798197950318
176.431289715376
181.589036609621
197.905680244516
138.634602998783
68.5944974567781
85.6072516808088
155.355161561276
200.163114331502
197.951244028703
179.130018697472
142.860842864891
122.269019508084
88.9031020931491
70.7890818717608
33.9606965545157
56.5250096588791
103.129219019737
79.8826991969328
38.578396928265
53.0649414663569
92.5240291254288
91.0070481525783
50.4203557954902
59.5581466886253
61.6815048438415
91.2692403369425
108.120504042282
84.1928881203997
63.218241080633
54.6003719184339
51.6346453113756
55.188723507332
40.0749996338762
9.70408348683317
46.6705975783666
58.244485890317
64.7269063810184
47.6269848332655
35.7052870432788
47.1556020577335
74.3070243841123
107.400987012108
169.910404204094
380.446064656742
637.871968288322
612.534063885812
339.346308624571
171.185054765463
116.114666367889
98.1451280893082
74.5455845238474
73.6617968387127
56.3621490410369
59.7186478347093
47.1781709915482
50.9953153944532
40.2420773390723
44.8769214392325
35.7124018424259
40.625563075802
32.7362313577121
37.1026258535929
29.6359728948457
33.8503097281564
27.8076867213059
32.2009941226216
27.0074017000074
30.4146049621958
24.8314923322685
28.0296434157747
23.9309490537908
26.5770667221023
23.1674855241963
25.5053609707473
22.5406675403462
24.4876251559456
22.0574347016718
23.3757408835192
21.6532641595456
22.5130620295577
21.1884097448598
21.5720083086317
20.9506368520467
20.9572286323408
20.715932483931
20.4543726834798
20.8313504150344
19.6838312172443
20.1695545007321
18.9252544881371
20.1706972313547
18.3918868532688
19.8783807255614
17.9015252593694
19.8833570116603
17.5581845803421
19.7928196650923
17.0787951608354
19.5084565224653
16.572412038981
19.8363031975325
16.9933810763718
19.855533751149
16.5156015748237
20.0490989973139
16.5221971744697
19.6225157222134
15.9766922436291
19.5823278344286
15.9292478494135
19.5432969916551
15.9096314730216
