43.9743521126229
57.1570079652693
109.380095851076
228.333053333352
371.131382044778
462.735211453912
453.127970761005
365.477690920749
248.113981068609
130.598858573531
24.9669810999735
109.691445765355
117.671620884445
58.978232447115
52.6853511949145
101.130001375482
141.691393677346
136.303862309436
107.841319745537
49.6662713182813
102.049308261076
163.418823418937
113.450673396676
45.0118518602071
69.8554324161665
134.874977791915
163.468019783285
199.688184868803
226.621489677752
165.11528845282
76.2191282511651
108.341224192102
123.322279256097
43.8376358542921
62.5681008431716
73.406964960425
11.2572025062556
82.8420226882371
94.9727299381798
85.5949688656374
100.069506243174
92.082508012525
66.3875412386474
73.6762664180681
79.5693708504757
93.9914923713239
102.58415345977
68.6340135667431
31.5123164083672
41.6218322041761
72.8185046048925
93.2576189019587
105.813084462157
77.2557838336355
82.4152137632555
91.5343860626903
87.3297027264828
99.6538631778986
142.019622840182
203.521213239603
438.284058784484
673.395983469405
605.928693198679
316.312413252572
150.85502407557
102.96142194421
85.6285126512414
63.7806887694033
57.3810790489098
43.2629837761777
41.7997651209765
32.3639377279342
33.3377286434026
26.0024967318505
27.7857232392468
21.4380052937317
23.3532944640504
17.9585074873578
20.4049758826368
15.657439394953
18.7737818145986
13.828709798382
16.2574214028052
12.2711157698123
14.5308165214982
10.6437512364077
13.0106616539185
9.00288643684757
12.3293958540644
8.92470931140063
11.1551083095961
7.47519357381326
10.2347604371533
6.84281219942209
9.73404909007023
6.38081549901422
9.26595708428336
5.97272069129767
8.56440596397965
5.32883150190931
8.27064205662298
5.05344370339878
7.7204957270347
4.48401431813965
7.43929498868527
4.28111594746969
6.93524479303322
4.15397785823935
6.98925707733436
3.87238084458885
6.66233224160007
3.59761658209149
6.38799584922594
3.42674952170988
6.13155337838251
3.09544836790696
6.13833952123498
3.33333512189907
5.77644371814255
2.85795237948791
5.99397014616503
3.34332998188559
6.14906868553463
3.01919806786371
5.56776810580195
2.98463467278435
5.89041680741777
3.02602646860508
5.75121056298963
