21.9312883204947
77.6340485869807
116.787048780377
104.611593764266
149.876168997887
291.599882715325
363.847342563506
362.810754727859
303.282940316146
237.157779219476
308.565038257662
327.276722421066
246.85224832528
180.396761717581
162.041314834473
132.848871242779
95.5527613000927
46.6737844344407
71.9436380654178
164.161482940447
196.788685843611
203.566014793417
216.129377097524
148.832666241283
28.5560040532838
104.231633854436
128.297609302768
90.114073829951
72.1721939337252
79.060972530131
78.7516265845831
58.7739048727452
27.1712879261921
29.8552013874496
51.654470434221
60.7508459309519
43.429056243546
30.7389083478724
49.0874115840084
52.2872296721402
45.4411283999678
40.3181044411778
43.8482737895545
44.5769254369354
48.6073359065421
61.935268574088
60.1933999350596
33.446553340793
26.8139931376051
50.5360063282451
64.2365322590686
81.8298269702799
73.7899016120767
60.4075205716142
69.1568717586354
66.3880687422135
80.1525676082271
88.6736809169267
120.315413711399
172.400274476513
398.318423188205
637.286333644732
593.382394005755
321.029939023119
153.148207584174
103.823531862004
83.2523904543592
61.3475542858396
54.4618597401769
42.172150236675
41.8542104779243
32.8119939402615
33.7853493678568
26.2841572270709
28.2624252302906
21.6218809579114
23.9800264703361
17.8364100443312
20.7860493717935
15.373676162006
18.3913195738607
12.9900405448095
16.2674063122256
11.4917563725482
14.5104097690657
9.99008931036887
13.5192535143894
9.24351285004946
12.5151152202493
8.21231783665025
11.1589906215205
7.36835328419668
10.5149554639558
6.88625667875833
9.56287314147815
6.11105451778606
8.7825894734021
5.71299101823437
7.96557794816774
5.12856273428509
7.2766864167348
4.76026528836582
6.71656749811753
4.42373893730556
5.96547645514764
4.13122752877472
5.24125659141661
3.93143797899312
4.73229969830544
3.97851230869756
4.40616831493605
3.9025616921933
3.88238928828576
3.86346040700414
3.4498646881985
3.78484356236539
2.9464240782949
3.62962516799764
2.48532269469521
3.97499184005838
2.47014841706841
3.67245678927392
1.80371116403123
3.5967398709151
1.33653886385218
3.45302293994026
1.11076783123904
3.59160300267045
1.00419712735955
