46.8261773954555
106.186129394003
172.81709385165
292.162214104948
370.753841845489
315.442096771978
140.635891344271
70.8533857994175
207.051887545244
254.052995889475
222.829608454222
147.857527423262
39.6024147687735
233.602075520927
276.690946166512
159.710073272162
49.4311811465986
191.507461196292
292.600658257453
245.84258215746
137.573778780623
76.5230395278319
45.1485846593359
72.3670702013279
108.713261072064
95.0248487527569
77.5274275435099
84.6903412144918
101.414671591468
39.38724188167
63.2316464105517
83.123796022956
39.478712679329
39.1167577853863
38.7529672404508
106.310364415552
100.408832169154
50.3129104621762
37.2153630667968
73.8094613976188
99.2275107954207
78.8370891857862
44.8334634572033
58.3472628714167
46.9533424298021
16.7225269912081
28.8227326213233
40.3536264497521
20.0492063231147
43.5819028883495
63.0490138100491
52.208873096501
38.5666555570059
39.3227420748695
43.7162161480986
44.5303221034133
64.9345535880964
83.0525236394662
120.342416351003
172.152750504744
388.707211939429
632.300950118019
595.918339520364
328.598327303648
155.683568710218
105.325085778899
82.6752119409287
64.2900483075427
56.0524673386685
45.8041431247384
43.6939541020275
36.0850058537573
34.8709501240159
29.3011850759266
29.1499293477051
24.7399885202531
24.9571079123427
21.1580659488126
21.8446838694163
18.5156784811226
19.29149010205
16.4731007133189
17.4909639437572
15.1359285734451
16.1195756765235
13.389954438187
14.2787756593942
12.1150321550092
13.547349118407
11.3643443573925
12.2978343757475
10.4273587523941
11.6332444010245
9.7006201881151
10.9368961245659
9.09532176798738
10.3472510986466
8.67592111768653
9.82445413553432
8.13507338055358
9.50711978776462
8.11409100781552
9.31163859293594
7.60360440100541
8.67057126469395
6.88941576455791
8.26198889058139
6.91398080142903
8.09028449500327
6.6415751748564
7.87387018424961
6.44853947547968
7.64514280170225
6.16770665944035
7.24799522697874
6.000898159592
7.37536441417947
6.05569893525121
7.21279337559067
5.66659871135336
6.99263343759444
5.72600394627476
6.88128119587294
5.61645718347986
6.90578857619089
5.77614852957839
6.94152813545606
5.59054018033186
6.87394488488811
