10.2791640239973
68.5588132721593
143.708659139505
157.533526196327
167.914319970559
228.76694621427
219.382298041773
83.4373080949743
98.9960905617731
208.059475379187
229.702888055112
256.239984893244
326.397484816061
318.658328775973
231.606010556485
129.013070786422
15.5441255507957
99.358822846809
142.848685473368
185.201716348532
172.116210864313
88.4715952723327
37.2897290673305
111.521189246181
167.475708356424
158.831621137485
139.307066756635
146.160899139527
142.608286564945
143.530318820187
157.465550225123
165.109340070746
133.652693406637
56.2967604196587
6.84511983466817
29.4699109050569
80.8441614372019
73.6135234213616
35.753197127304
15.0734059497695
24.0313267534342
63.5420524614748
98.0138262425997
76.7324675086448
50.4488775914928
73.0169100538195
80.9753460991912
61.763007546942
23.0942674791792
33.373926418792
39.5659423579406
49.759240287298
52.9397114756838
48.2046253159955
65.4017898113449
72.6002123214191
78.8037932837947
104.592189914657
139.545436849024
199.103567133855
445.207511180313
689.75354095206
615.627792756511
316.902511493491
148.933536169789
100.384804649537
78.5556674079664
56.6876854233394
54.8534762883814
42.0115203647763
40.5980415046432
31.5752288670765
32.7583444641819
25.4471013776234
26.8850170111462
20.9597981445431
22.9593995312501
18.1672179347795
19.730854707847
14.9424028783344
16.7457163509963
13.4432609926285
15.1904104050826
11.913955905814
13.7312808726967
10.6213752748056
11.8950213216304
9.59217177186166
10.9700666187095
8.51504397743878
9.84524154792258
8.11503133115157
9.1175501773083
7.49727798421374
8.35825399556316
6.90229014396348
7.73092269055789
6.52247681140292
6.88621179438214
5.60613548102204
6.33091564714083
5.9547193447672
5.92520539426708
5.12996377728766
5.37143868817156
5.01655978829719
5.20507978110041
4.94325321948677
4.46784990037053
4.60158347465601
4.39117406606458
4.62027215986658
4.11490373673953
4.45475922520938
3.8302948913064
4.19850190815436
3.34429100703341
4.04712715832605
3.28500915033834
4.01562739976881
3.06360351271935
4.10663818324115
3.23997517977242
4.19604716558171
3.06472885826523
4.06638874794956
2.87128334424165
4.05132273946594
2.98581482303934
