55.9925636198913
113.697093383285
72.8602843300453
66.2588958588435
170.578246415724
258.857810231953
188.466926853566
145.373157243827
208.307816909896
167.714926621175
178.787186808543
211.915281291493
224.030945753386
146.326358562196
92.7227851891621
128.947334913999
123.73827091458
71.6346790953075
112.249769343425
173.869643810202
110.762323546583
43.2449867766709
100.282136672757
92.0910520387614
62.2654405499519
108.963267603737
168.387358626823
148.729135373387
118.570121385538
119.993296632364
149.59927436955
132.489565585939
85.5918098415274
125.04032234361
115.293776430957
64.7675672398249
40.6187250860432
74.4530011569599
36.5918082243889
27.7732135029015
42.5919281595305
28.1302073560506
42.1035731360247
59.1565801432405
73.030532535715
94.3302411818662
72.2881660382661
54.1855268853544
40.2674644239049
27.1916832429767
75.1491095063516
77.9353303586584
56.797604541458
44.0322352582278
55.3191926062348
67.327145937727
64.850349936557
97.4387427360162
141.569621798778
189.757948868982
406.686762552449
649.319500913612
596.177231918209
315.945050961028
146.647598754275
99.3122715138471
81.625732230461
60.2250572803205
54.5663881519249
41.5497100232568
40.6069079500143
31.0848446349995
32.0380312966735
25.1928082011301
26.7855246187039
21.0256092445605
22.7838625412871
17.9941056068978
19.8867721092143
15.5124128249378
17.4404831492906
14.76365950222
16.308684401796
12.6921355803885
14.3826525199439
11.7885978146449
12.8164571561363
10.3547102727887
11.5681373253999
9.69997045125968
10.7007104930734
9.335202637221
10.231843258411
8.96402479258317
9.52510389852669
8.545041215386
8.91304928575461
8.06924912180521
8.3937175392182
7.9326264263822
7.77120573823401
7.51032431933931
7.6795969892854
7.73442249590232
7.14057755162214
7.13060505278607
7.01269020825756
7.32279448788523
6.71882446949368
7.1613375768831
6.55586510833075
7.0648405906976
6.29489511070984
6.89479683940148
6.07755365352654
6.79924078561552
5.84314138049156
6.92398746929315
5.9657848025991
6.88192532863029
5.89163670441419
6.65503827739334
5.45985565947077
6.67127506610179
5.62701776685666
6.50318670258775
5.38141222946056
6.53538086621433
5.42000609662018
