46.3473361977443
141.035766198632
205.950568762395
215.556266847717
254.880429795704
345.552585543705
397.010302781953
414.514841586956
361.017953242696
213.306256626337
65.2777266343202
78.1329925221516
92.1905586524311
50.4778567360794
34.7780215520955
38.9959517848923
14.1701036972823
73.874316870306
119.774197434196
133.961529247938
176.366031116689
190.855649553473
234.184912711041
249.568951149802
199.393174846748
199.657564043834
204.972719902284
196.718155423585
150.184293797037
115.429029254847
79.3048987982275
55.3041226536815
43.5074857037012
51.7865964724942
61.2123310353373
30.2874379393965
58.3020247395706
65.7214710350967
51.8285621823906
56.2759264992046
55.301780627053
30.319466860944
18.2131285651376
24.9339978285509
8.39580794265059
28.6282843149729
50.0741043443981
56.3089956569388
70.3529046152408
55.5430960875788
24.9489830205464
46.5746797083422
59.9591622022402
39.5631233240066
51.0121027493333
81.8290999316689
96.8858052305988
93.5112184736175
116.676871745557
198.010572320303
441.540786875703
686.679172435437
627.029333750279
333.852827620551
157.670397041454
109.231986859963
88.6059855245026
66.8038373557254
62.1719301380711
49.6802821878765
47.5590059994295
38.3521835438211
38.2118115671603
31.4245090701275
32.1862527574874
26.6199452608809
27.52666308625
22.9215978011149
24.2429407148147
20.1632433397334
21.229883281825
17.9692816763724
19.6119981203149
16.119642951863
17.58433942282
15.1698434808095
16.5607214115206
13.9446846077812
14.9124738046562
12.4171179883821
13.6672992844426
11.505042792842
12.7704330547241
10.9109206737484
12.1356855743842
10.3264855455403
11.355085402321
9.52430535918885
10.7109843669541
9.28363423004794
10.4775535077638
9.00015521282683
9.93958316723794
8.57928767798565
9.35096994593624
8.18161813971249
9.29246018927566
7.92315947145346
8.85290815258898
7.69227397120545
8.52923281686973
7.40688778268988
8.25345853039965
7.26289481238402
8.12393429001974
7.12466395704645
8.03159274784156
6.8124124248853
7.54680977444578
7.04081998382011
7.88217628667747
6.64637430563963
7.26101907488369
6.57072819403365
7.50710179273792
6.69267545545666
7.61694346821431
6.76944383924342
7.57999587969402
