29.3872388411147
67.8435237921179
78.8519449417952
147.514363219693
225.013834459246
261.663022914853
203.026602087913
172.03297253343
260.062531696025
326.591169349299
391.745812375163
463.456482109114
423.504567805367
304.497261250565
243.435169948418
266.032419929625
299.724057538727
297.266082080453
206.902453053249
63.7253064284624
23.3953185800245
23.2397481664214
52.4388856098708
87.0444678766264
96.7735077216114
124.494994407697
119.860491742271
83.9890098221413
103.746842903774
131.887260414482
156.220301615896
155.913811420695
151.7543775371
126.345131189926
79.2970824869774
27.9600282169324
43.3746970650466
18.1402410446606
67.0603417820833
59.5071202315379
45.7918832367255
58.835482203578
31.9943248223819
9.9522578172204
21.9396575181139
31.9826725818578
4.46035477634406
47.4211922162536
66.7840043743956
46.2068412468175
42.6578703108715
56.2417394953072
52.7486317131108
60.9194332383417
78.0390597661739
71.6932685797104
79.8108606013571
98.9172467867511
129.833380197266
197.939790633637
413.053178596779
639.256287902016
590.887668477116
316.117180319269
144.348110019405
94.4929543190949
74.6037217117794
54.7493399405444
51.7243022477417
38.7768838657834
37.6753192786824
28.349483085614
30.0125114890247
22.214500093104
24.6171750828984
17.7397853262838
20.8212284377198
14.6486154527216
17.8877071612179
12.1261743616542
15.6458184034728
9.89218407978007
13.5296548189123
8.24795636532079
12.5425346308924
7.17590795737029
11.2753631925302
6.32579795171578
10.519021663116
5.4465013029259
9.49015264965577
4.70611661131323
8.90834490639645
4.07557860442227
8.12638943959819
3.46752506681699
7.53860299758803
2.97291453939221
6.89230266773037
2.3753936427353
6.39742355928083
2.03265263556925
6.21483808705554
1.68594887675626
5.42524958024694
1.44149066190597
5.59002687815184
1.40684173913958
5.17794545947087
0.915794044365464
4.80676932900216
0.712806778371666
4.46298496113248
0.537125500506981
4.25223535296492
0.497627597740825
4.16081942516689
0.522174075217731
4.12857334454411
0.30292294448908
3.90814509626119
0.123618762895466
3.54891587993832
0.430516967382736
3.7867251390649
0.116139833630263
3.65005097804622
0.128576977641787
3.66510607122992
