22.6569588205914
95.1988898955361
212.747074348381
242.659457618304
155.294498876896
84.8783095356328
87.4394403641225
93.7486383920921
148.595448626107
172.401365130787
114.523294269741
54.9978116021547
145.153573563715
202.177491593864
189.734052965352
141.8097699037
116.44007420564
106.651216724927
84.7774519953976
54.0314496881448
26.0468824549304
13.2797474501805
31.1201785586537
62.6304488807683
81.172427015541
74.490215832137
51.5478612684859
37.6585337815378
70.9213835470559
111.249826515413
97.4056919589191
33.3203744223421
61.5078012364049
89.724681996236
132.166340698528
143.495711184486
103.634105237919
88.8656451435337
93.6017234266951
82.9881611125495
62.093574001217
65.5865536178851
88.1259652025129
90.8452661414182
83.3518174680562
49.5564789056439
51.0500185854163
89.898926605718
76.1435157013709
39.8349157928866
29.4291592174973
24.6138854805112
31.0015652474684
36.5908246581966
46.2725374574163
51.4755560633824
65.5848260254499
86.5967982485791
113.675570593133
179.576298810619
399.922593974203
637.310084641158
596.540394274546
329.238414065322
157.148127396769
106.700652932283
88.3380207775686
69.2545783170154
62.8315980933437
50.866820550414
48.5958212136533
40.4617706884449
39.7275426504694
33.6865552584849
33.7546307472576
28.8260244121564
29.3861726739038
25.2964827360453
25.9554532658015
22.1864590215718
23.226011831697
20.5248912913605
21.6537417663456
19.3251550114677
20.2446356966297
17.4937452064124
18.5086919071343
16.5293935628172
17.468982734828
15.252424199684
16.3309060729531
14.4673816989026
15.2803906454403
13.7682292894728
14.8618720498489
13.294307557106
14.1873619988159
12.7473491904505
13.5326757497078
12.0904576815597
13.0604177805491
11.9545942354701
12.9030002370292
11.5166816252658
12.1501247959765
11.2215228467171
12.1507102981766
11.0127917095966
11.9106267247792
10.9296375438923
11.5191423111227
10.5720814588778
11.2731928185333
10.3951470975921
11.0597583843816
10.1310146963448
10.9353205084402
10.4693286758847
11.2372979233527
10.3721465405482
11.0973472859562
10.0065629707721
10.3921355890212
9.87579857177946
10.735859645535
10.2408070855319
10.8342015450766
10.0255663699514
10.6777244699897
