20.7269701688258
126.303406125007
333.126350039484
479.228574809149
384.175158362453
152.124263060437
7.68311978442708
50.7663608758086
34.5862437032684
126.546414428551
227.76701198578
255.011735268453
291.269805368061
262.920994287374
164.308676384659
193.301136517965
174.621367277596
106.376483533422
32.9303466185887
71.9917285226545
78.0617109351761
55.715445535099
58.6993460811594
27.7990663270213
130.744169118029
162.615490115598
87.098376525313
64.4555804799762
132.19286650284
84.1121181878235
18.0126579127525
89.9248657173764
116.755507598426
107.801975139253
86.7771116136596
89.7496536687654
94.2763399755184
94.2919304951878
86.5749527228371
75.4605721496119
24.8985084163816
50.9787307144055
97.4839863521994
100.181174467771
85.7452270137508
62.7891572994956
13.3340444325808
56.9724518625898
59.7229209626937
26.9972431141596
25.7414105677121
54.9646965774301
69.3282167893743
69.9484381244311
65.4729806375962
74.7963058900696
71.0008033282576
81.7057031981193
110.906837540416
181.852626171206
415.521664145389
660.995218721602
609.449026885976
323.270158140736
147.92386754221
100.118550954184
81.0934600117509
58.8079301127026
55.1898887088788
41.994330813098
41.5609487151743
31.549085517629
32.9143924953265
25.1472255763329
27.1765133099598
20.6731664303358
22.8564907375629
17.413101506131
19.7102729535522
14.8518064456077
17.0470549088642
12.7309572088031
15.0964583464289
12.1136916655398
14.3641629369047
11.1680171002248
12.5073420023975
9.37817116818207
11.0289602407592
9.01222567943507
10.351469348209
8.3594352124009
9.40480403369362
7.6519595502404
8.52178190214863
7.13034868352707
7.82698874544932
6.77483688292702
7.38979017341477
6.80357269219871
7.07600805331239
6.31946301205299
6.28221023487364
5.86788423534097
5.83695334014246
5.76210357215304
5.44365936908809
5.56152479236111
5.10083052410938
5.35737844786202
4.8907611646783
5.40832385768777
4.66809798813208
5.29583828541374
4.44119658280737
5.14027585099041
4.22459433894844
5.0890317155161
4.20636286799314
5.21982823704058
4.0101477795998
4.93527617206907
4.01732706859447
5.3187934121487
3.82526838129616
4.6829913339747
3.46814381842353
4.81394777439412
3.60352409801972
