91.076379734877
127.74607895708
230.403935762447
397.784171207301
375.490825341086
281.342838188366
278.217942220335
159.046076704127
65.7231503537465
117.022100345933
215.79206346595
216.27944670511
143.461918448945
145.464825094227
163.064710102353
155.582284053218
175.434737618381
184.227800500224
154.686347613841
193.282953774319
200.83477582141
161.347932737713
154.728315280865
147.331532709483
169.751349701076
173.02286034618
119.63397221352
80.4743635272023
27.6161192568891
74.3139342606623
78.2019966020117
76.8738912391016
67.7914092399465
27.7354836405756
6.6818734956942
35.0635966191851
73.354998259898
78.6002512160197
55.0692034656561
35.1761561079941
40.8946299794281
65.1723110757416
87.4160935949877
60.8422196814701
62.9556228584299
85.1368304518711
67.6480171270068
73.6849354954272
61.2911023313695
42.7131344883164
44.6492740283483
41.8039583814716
15.3979481408764
16.9574418338738
48.2653420749295
55.3525976847803
64.3456411579295
84.0209128368958
110.132589923222
179.024044247687
428.312981371261
686.438108534141
634.691209946671
345.212821547942
175.963416536209
118.797309052186
102.269990777419
80.9944559031001
76.5003341009241
61.2403334110587
61.4274700895101
50.8309632087413
52.4470773884486
43.7934911885633
45.9638647947231
39.0238409378381
41.4311960801859
35.2454509469638
37.5445663145562
32.452205527195
34.8668284848004
30.2362165784188
32.2692249365731
28.2512391901559
30.3357132030564
26.7674408286302
28.3385632426982
25.6322517331493
27.2756179815503
24.6476771175304
26.0229117729855
24.1203717010908
25.1017089027664
23.0861712987856
23.974237477221
22.5283751780841
23.156191053214
21.9465657058583
22.2933939915831
21.3442725527221
21.808983797994
21.4260613944192
21.1925285618086
20.4826122706026
20.4356921475262
20.4397270383816
19.8978411421014
19.8239865847941
19.4383623882354
19.9784903885183
19.2727162539253
19.7791582102851
18.920347591872
19.6081786054485
18.5677629108076
19.2466568679751
18.0166423346873
18.9611246057505
17.8678014025205
19.1675022339304
18.0529559886259
19.3884152252834
18.0466888374705
19.4010361564212
18.0123418963247
19.3035051550189
17.943639888485
19.2710079168347
17.8691710254538
