52.5258548410149
144.995398086716
147.956925320574
64.0065307116449
99.2908469349644
119.178773933454
159.592975069498
357.036839311715
399.155314395549
255.344314294135
113.48280050996
119.438679354815
203.563596194206
197.345598018112
109.205248168686
91.3028344298494
187.688407671164
258.265145003677
230.151227035431
164.944880020577
202.90770437776
236.446753262873
183.406918342363
95.89088336437
57.2743273437902
70.99109292001
133.728295337419
232.150832907492
271.467522387137
203.420134569078
84.0537861292834
6.47760725425875
55.0167750650294
96.8532753181834
106.901649022975
132.316259107667
153.809186629859
139.680362750251
124.534413152714
76.1016247259447
6.88559101318274
45.1223609898008
50.5962892748236
73.1024942367054
78.9907747459467
47.2629974820182
35.0440344339273
38.6501105742901
43.138976117327
57.6620977445054
69.5101008340237
67.9947308434994
60.7144704197533
49.0752639915647
36.9627465119163
52.126227452213
79.6022162799563
98.6575283008535
137.436594288483
198.11301419596
445.260471175454
688.024358194872
618.782150468742
320.828461183457
154.091907435986
101.504817320694
82.8426338361001
60.9174327995336
59.7586409467927
45.1380207679818
45.6193388754513
33.8043077612325
36.3788901243787
26.8330327757653
30.4040518764885
22.1429716535115
25.9281814720038
18.5523211738502
22.6389196111
16.0419071510876
20.495545421991
14.5419784376542
18.3271947113005
12.5782201600922
16.7090397367014
11.9934920800488
15.6009594580114
10.3429695512646
13.3056774358879
8.94534113412324
12.4657472232435
8.94846201011858
11.5440631624064
8.23596928344204
10.6535538106847
7.86188511925774
9.92104462696323
7.62940986886792
9.28452756105116
7.53620219000188
8.62610386428053
7.33109499651734
8.07957500549754
7.28952204468631
7.68295642599523
6.59807398984279
6.57461838196027
6.85314264584729
6.42323433269641
6.8851352816074
5.92456707849615
6.79969884382442
5.58558247802309
6.84529124112665
5.19516293286569
6.69037910986202
4.7108027266849
6.81553829477688
4.60947851022052
6.93164972354891
4.53498993716082
6.97264971931317
4.12030971972765
6.64673249445189
3.87992410711954
6.84052650745623
3.92596527310892
6.79758095258474
3.83043380422493
