15.7454998808185
69.8880691223309
100.585186506225
132.795640450327
269.110902423809
372.981254749531
401.528516388163
406.954141367673
330.787347854836
224.569022483164
91.5675620795585
116.34979158304
149.66693512194
185.170276369713
163.529803677259
197.525575777883
284.725226706038
188.306995372211
127.495941390269
186.466909708594
209.208710911995
193.550472838372
156.888126989485
159.044409322984
137.766399838635
53.0662919655924
46.8011750631205
59.3792982857271
49.4194583429227
79.9865635985572
151.192369328444
191.555770275203
180.706600135944
82.9624417469818
63.1470888180898
134.526772255913
120.548214809812
112.209739824415
109.892102071957
91.6539259619771
88.3605086181878
83.9050433083781
67.3794434868267
50.6315311735498
35.0449519130382
54.8853332463277
69.2702865654471
69.1881957295963
81.9573387861262
40.844935049406
26.0913939125168
59.0035871438002
65.0721494148487
38.0441442518095
48.8026380458993
58.8435176905554
90.9331902414293
96.98847181016
114.702811358457
163.058427094349
377.182645582937
610.44462237627
575.673818099021
321.965574117448
156.240186245753
109.330034489467
85.6749214268221
68.6255584281137
60.9562751680234
51.8352168141077
48.0886539071093
42.434139608713
40.4212835132728
36.1599092813567
35.1889053778842
32.1225150435959
31.4810732942236
28.6551060657125
27.8866501392257
25.737317499979
26.1154320119726
24.141572885258
24.4354914055317
23.1719918076008
23.5115485212508
21.4291156156015
21.6538419816501
20.4801610837361
20.9617500272429
19.6611529608781
19.9386976349363
18.6713253774286
19.2809739927668
18.0871490134481
18.6800789790832
17.5384039383264
18.1705807279003
17.1775226885311
17.8803214969053
16.588360381512
16.9486987629625
16.0809868126384
16.9143697781956
15.801495035957
16.5940955937254
15.6324642176515
16.6455971686769
15.5813299741205
16.0977421444326
15.2238909025727
15.9602053756025
15.0098125873826
15.7818612226777
14.8573340760013
15.6394676201903
14.6602520139254
15.1985555128548
14.1076806518568
15.0731784535255
14.5289212091551
15.3107374400435
14.6160112317241
15.4238729020536
14.1157415089078
14.9741937959423
14.108781644898
14.9474971613715
14.1155321866677
14.9811022225929
