49.0455285903282
93.0234475381377
100.062936391319
66.6929071289141
43.0968263983278
87.9823740050907
154.768500809887
122.796228918185
147.602523316759
291.668900559289
372.060885070242
301.23504376619
173.299563853656
138.399630622414
194.013962902595
251.507563823284
270.094736863466
202.889987677428
109.253632660348
110.62670556699
165.525696541859
201.129704861099
309.559666865924
411.782607287738
369.197179752712
230.87157130986
104.963640831475
43.1305131797326
54.7741362972394
85.0223113024905
83.3801505639971
67.3683545624138
63.8035239514396
67.6617713436715
88.2146200741652
81.9354619866427
31.7775977455739
28.2355172719392
66.197380050513
86.3845443865956
83.5749997021661
51.1716082168157
49.8718935488049
57.9266473325645
34.0276985110311
24.454507871234
50.5154403471627
52.9292013615954
29.1032278024081
4.85607370918551
25.9719124457396
29.8220332282137
41.6511358553737
48.1635755678805
64.8864600229045
64.9091720169423
78.1118723074254
97.535756517982
127.653648263374
191.948879834785
433.36589615022
683.394557807085
625.813445883272
333.011292492968
165.10328484019
114.199940268398
96.8487375499831
72.2541119645626
69.533688691756
54.6541384633335
55.6430592301026
43.9571028607039
46.5987569593745
37.2820512072718
40.4375632383781
32.5574846106807
35.9678905214782
29.1510632397062
32.5283157212305
26.3410567012965
29.7055251045358
24.755935629556
27.6555605059012
22.8382943334291
25.9647538776863
21.9844914964709
24.2919496283738
20.4365209847665
22.3681950037218
19.5843445403533
21.6777089808158
19.0199113617986
20.7954278857916
18.5874088222308
19.7972129594815
18.0796160197995
19.0328650512985
17.7119468388874
18.3544377525861
17.4283154534075
17.4908341489649
17.0166426418818
17.3273165273638
17.1245108235771
16.7065589327743
16.8049189398373
15.964416244877
16.2879688630462
15.669483500991
16.4852017551512
15.2791712032955
16.1379197151587
14.8126471463629
16.0865397271666
14.5359326534895
16.0597273704426
14.3449795508615
15.9523698164503
14.0616127886376
15.8537939624502
13.913081996709
15.8676571676082
14.0653185503852
16.0490802316218
13.4676890383782
15.7558195804151
13.7612015165936
15.9414580619715
13.6713421267924
