11.7623186819309
43.1853298018571
48.1175073327975
22.8612883519017
111.673129321121
197.956795640464
217.625547325996
87.7775375042395
102.996995341073
173.57202176179
160.794299391768
142.652742739662
18.5803175344824
107.962740197254
129.526656469682
176.310842672947
165.515719862925
151.729374228036
242.764973183805
239.753709123329
172.593760369531
157.098287713102
171.41725428576
129.845304515414
74.3001816687646
37.1844359803668
49.1559752937979
122.067646503106
144.569848834575
165.444386717237
167.08337116324
109.218649677902
74.126994533305
61.474202563245
26.8645970533081
51.9876714161979
77.2153092498979
63.8173735402175
65.6095661493383
99.5401751728343
95.0047329932536
92.1141131027281
75.5968304800082
20.8438296418667
68.9460357032268
116.291252098401
90.9274473148926
63.3761061765317
45.3268243787001
9.39095227504793
24.4480054672793
48.4850226266192
61.997013467404
54.9064406178366
57.969331135528
63.539117638387
75.1635267447113
92.6654801477323
128.287897569391
191.837576532031
429.014378655538
678.912620667632
626.371851054044
333.700687172785
156.307242206166
107.466047653275
88.1209653965027
64.0590814100681
58.3288836753448
44.1441366387255
44.0421755898397
34.0152337128783
35.5272102572503
27.0320023612177
29.3223765133862
22.2949780524471
25.0178241513464
18.5498192381091
21.4679551387907
15.771742108983
18.9802460867361
14.0881397890392
17.0157368024141
11.6411820325559
15.0851438551107
10.0918576735862
13.0895215383946
8.83606794861042
12.7867105142958
8.13410461275897
11.3239748243607
7.18197935373377
10.4936001770656
6.46712234646774
9.79613354908062
5.88717361995623
9.03801410681359
5.26233723732467
8.55468536955092
4.88842082246824
7.89692049574447
4.07488534118833
7.21796483685234
3.63633729681104
6.45337516889917
2.96510182884384
6.07343794835233
2.99786489199096
6.09842813573663
2.61674782468539
5.49603206151514
2.34210384681435
5.28255188517014
2.10194220331053
4.98699436218175
1.8326532739317
4.72090888529742
1.63187958610019
4.43440953256601
1.54312167900237
4.46334839696698
1.85786019065369
4.77649735109444
1.62909379519933
4.47235962510904
1.4625919285224
4.2240669098726
1.22807639256805
4.17060235596471
