30.4662901530399
90.680942939538
120.553887016957
134.602401375168
168.109396435921
233.187672534204
276.276559595614
283.521728151939
332.309397441714
352.591793881603
268.780679658889
121.050326449061
153.330170673892
256.394776172226
225.638308594637
156.788716184291
115.610296699698
70.5463069750299
46.5769495031753
49.5372009990069
70.2902821410397
47.0385686620433
11.1439111180727
104.642525560709
191.69524541997
194.175007314181
138.962300387179
80.6220817412136
61.7295817849434
106.99111632653
155.358716047308
127.974003317241
142.284085470027
193.620686376888
193.11142507708
143.59918288853
43.714662808061
50.867689019728
64.3792954585984
52.6357892885538
25.1215305690468
2.27455679057692
7.7565580020653
21.7828123728396
43.5456553427001
45.6642099787207
55.6192143510839
49.0487280228822
66.2450770932699
68.6243759299355
52.5652398980309
70.4178024844454
61.9460931469135
49.6368188253624
36.6343282612258
42.5008235794028
70.437508783592
87.9867846204475
117.200556847916
173.52973142952
408.022861025246
674.254064555067
631.766911725528
344.763090611045
165.774261913443
114.857521458353
92.7379790491722
73.5471185884635
67.0603998872177
54.2955286908526
52.0251969631195
43.6260055866856
42.9435076920611
36.7542212452894
36.9344528507707
32.0357987817031
32.3991224772901
28.433674370039
29.1165963518391
25.9103766937988
26.7009107189263
24.0352229491636
24.407820930876
22.2761999087424
22.9078898248135
20.8402656887844
21.2939431062504
19.5306361415115
19.897533737763
18.734083985021
19.4315147120765
18.1944072255408
18.4547272376214
17.4514037924963
17.628392679482
16.8128200239523
17.032269535064
16.318379577679
16.4096863010267
15.8489752908078
15.8653753821859
15.2635959834374
15.3054781380321
14.8237261216262
14.634965502443
14.568714181107
14.7074858822349
14.5147250920796
14.2829933500453
14.1511437273125
14.0220096559229
14.0003952461083
13.8350082998559
13.8430671791367
13.6861037101807
13.7296744334455
13.3272540393475
13.2373054538693
13.2334883247811
13.6382883802698
13.4472642987915
13.6049902420749
13.002796908112
13.0357734637953
12.9556769298881
13.236654663406
13.0198827339811
13.2301891526699
13.001498673097
