66.0470765721684
159.091174231999
217.804700357952
330.960439409884
428.55212357458
357.050067761455
201.137814942567
283.829664723795
350.687991342796
267.874255480374
147.569595375279
248.223731014076
369.583039068196
340.664817856178
143.477527455685
113.370595091083
154.711087884046
74.3567676351678
92.9451222928179
206.182629641396
191.209652192247
61.4555814475861
128.052869942151
240.279827312532
241.867738774705
218.309945440131
143.592145555972
107.999531555365
156.918129559685
133.745097544004
67.4752436034508
80.3846169965794
105.704234969541
107.169868675128
65.8106239547534
62.7559057312308
107.086579883687
108.119020041074
50.5359882215812
21.0346428053761
93.8199879645444
134.622891599417
123.678222283976
116.73392658326
74.1121123042345
33.8790503836364
30.6285080738167
68.473369576763
101.678835069649
114.260301252125
109.039641198156
113.997574658107
79.4287421957788
66.9198514610566
72.8697075383785
81.8207072285865
76.7222193524746
106.348583083912
149.623952354098
212.291529337253
460.919827017139
716.969275915994
631.248058776773
314.445156697032
148.528412192329
100.393305782524
82.4244980183572
59.0359431218528
56.83624004501
44.458002343258
45.0730783388982
35.7058716809158
36.9128888575922
30.7159683500611
31.9790763647779
27.8192924609777
28.8106920694704
25.9673708931351
26.3818095557243
24.4528427788412
24.7226314666298
23.7701871553338
23.5946211674513
23.0061943581031
22.807376421297
22.4048752086036
21.0532132641079
21.2908884185367
20.7418181088778
20.887729944718
19.9937448390161
20.3882205480417
19.6883299647649
20.3699194013472
19.4314653154116
19.9901370495641
19.0939695021657
19.7208555596105
19.0508647075731
19.5014039876221
18.7368256713682
19.4189588865165
18.4688391067244
18.8679677820081
18.4191879152599
18.8475112453138
18.1777124311224
18.6633068122123
18.2272924501531
18.6486982610844
18.2183239731775
18.4332261941475
18.0658442640748
18.2755182906179
17.9513839879465
18.1298025338332
17.9507773664155
18.169451458198
17.826131075066
17.8569348351173
17.8788588529829
17.7938243792919
17.6665731150259
17.9120802889956
18.0405127501965
17.9511810318853
17.7770602901021
17.8400356725041
17.8492831991054
