42.9349216251734
101.364617742649
129.490240943707
251.792066366727
363.626061430578
417.861728678071
401.033943792215
273.210135701775
117.658414020767
174.83778688334
201.121689055153
159.288438750982
141.930057077768
108.202235584367
17.6134741367136
109.62958412727
116.933175887608
51.7519030535686
34.9213643130431
79.4434461128886
92.4240113097692
57.1276623099721
54.9173848935752
28.7060609740108
33.6070481907946
78.4311466218443
150.397334039484
169.729452287314
189.809393425161
256.252923347881
301.909662023925
295.675982065675
218.363678768352
128.070468352422
101.177991994426
115.714477843365
104.109700930516
70.2115209492715
53.7661108179643
59.5690998950321
61.3632625306026
58.5584181723284
71.2236003894611
68.0191559170019
37.9660317783286
28.3687180222326
39.2142561420917
50.6130020110112
72.2486754988419
60.4786334472982
56.8203913980163
23.1321774804211
64.9781265639925
107.299728861998
110.922427963484
94.5102657959293
66.2881879761489
95.8559459986778
142.23394442088
161.66747756692
410.7809527983
694.462310601843
647.482578941729
339.867560589261
148.573960571473
109.003392412311
92.9203329168484
66.8510609819875
61.5437564937157
48.2692070641909
48.8704216400146
38.458875537788
39.764226401924
31.8201217815496
33.8524390262902
27.1251137232625
29.5176797308652
23.6220076465124
25.7358707745637
21.0682600289815
23.7123991400879
19.7827906135615
21.6728510706318
17.5215112567819
19.6585949722216
16.6633818621374
18.234573542178
15.3309669346236
16.9854771668242
14.0861026547676
15.3847651823914
13.6651121846062
15.0020530775012
13.1449990135142
13.9541678194077
12.4872575761322
13.1592472786086
12.1003670668814
12.5025365471538
11.812092389927
12.2507254602071
11.6143124938058
11.3176310979567
11.0461842571467
11.1021033657488
11.1138232768807
10.6971291225103
10.6107514716785
9.96591815176476
10.4595477101071
9.8575785886707
10.502761456555
9.63648417332357
10.3670169472099
9.26390994618837
10.0921235223142
9.06077994277628
10.1180329637518
8.74902839228155
10.1525628676533
8.86288386680151
10.1826194270001
8.60622565839208
9.93595104223505
8.51503083818381
9.96176524827048
8.44081753631501
9.92059319993475
8.47531121517959
