17.4030918748285
55.1338149984762
61.379436120638
61.0345328815631
45.3368470623285
159.890730899737
200.700807871153
205.552799798968
221.448490498025
197.084304386247
137.71782664262
106.47781673083
122.164491239437
169.541471925395
174.786105545394
131.457624847105
150.456311310791
212.686172652252
233.529460798549
198.54409900764
127.878303621015
74.6198902162079
167.216607737006
243.532438358238
232.22538329536
131.740259354472
28.2678226021573
45.893444687234
113.764109514381
134.988758009948
142.437369530004
156.417535680218
185.653432625884
219.989109629154
182.961238921244
120.556204041454
87.8366250377338
41.5945350897845
17.0842590999976
60.1134835650193
73.6105163970496
53.7076161078126
11.2243356580741
38.3881003921767
61.6137067555741
58.6835922299439
59.4658693699789
40.1008315112294
15.3096282567953
23.2654978292489
39.2675856790346
53.1454605723634
61.3902643538759
56.5647140005544
50.8330159987211
56.0764117944563
79.6769587781781
96.6542037823939
116.729390706686
170.762022141043
390.769559833661
633.290328433109
594.596658280069
326.670933567703
155.14607717583
105.592034808132
83.6242166969171
64.7843756596096
60.4324242081543
48.8694094633199
45.8487606788992
37.6626494248865
37.4054935755208
31.2630098399171
31.5588496993552
26.6214708447383
27.5733813655707
23.6214848728884
24.6870012785804
21.0294625100812
21.8771874210734
18.8342591222036
20.2346545607587
17.5028142031079
18.452531578998
16.0431330469041
17.1340026508464
15.1534812932263
15.9959850565203
14.0338308534719
14.8103902448358
13.1940682872573
14.183748121738
12.637750862617
13.4295435148163
12.0805649421417
12.8106323664591
11.613407585229
12.0269894595769
10.9247920822634
11.6750736403793
11.057166291872
11.7148808952077
10.6978912543689
11.060349193134
10.7590124365723
11.1509857036848
10.2460003792289
10.3849375953754
9.92625019097123
10.3056896187526
9.82522848385955
9.98717355178961
9.61754963413768
9.76976737615267
9.54146421352078
9.95603304193925
9.76666365766541
9.86619853338362
9.6642948933663
9.6336177090421
9.38310287322798
9.38101592814921
9.03973551749404
9.13900012200184
9.09740806314128
9.16807416414475
9.16250758196282
9.23384505692046
