38.8559722347301
100.485784945735
154.624913748431
221.318924359239
291.65174340193
357.550155833486
384.238895947449
306.779997452464
101.735564295322
134.04341807114
226.323993708974
126.101460552206
34.1950838237945
98.1828161578601
130.919223357258
113.559478208011
86.7305106615723
218.4312965679
263.063421437796
274.133357987627
265.326083433253
220.947583358775
122.413394697305
97.9122525961875
223.982293717026
183.611497243669
68.9237754387817
93.3662066941461
135.868822240679
118.141217453697
23.8867854421983
95.8481628828495
137.754175447729
114.314248953554
64.7373090544063
40.8217770803246
17.3227981147661
47.634840186479
67.6240621823247
31.0376113977158
18.2274524533509
4.5221079299838
35.8005305338495
72.9093105382424
100.961010923798
88.9338731173137
91.2517480481044
101.269807449466
95.5070247653352
66.7652085023969
6.67739424934234
39.1727340946275
53.0757115756499
52.9856366427985
40.2171090705946
48.337277900204
43.3699148214595
67.1370888506256
123.083546979639
194.871742592842
434.724387092865
680.942704461338
619.551880173144
330.138582547612
164.620138757468
112.905334446953
98.3870372554133
77.7092429698303
72.1358380049258
56.5764127541727
56.122180052101
46.0561653642632
47.0339715543041
39.1960798196589
40.836213382485
34.3276282136237
36.3076288195844
30.9113438382021
32.5063298215129
28.0601514546312
30.090702445444
25.7469710259742
27.3342721358772
24.0278878342116
25.8828985973909
22.9184628346787
24.0829427913101
21.5384291650451
22.869278740924
20.7772373311153
22.0271371421525
20.1598563493895
21.1398854998431
19.4909148147368
20.1897583716085
18.8822957869204
19.3192097355129
18.241035977403
18.7740087873736
18.1552411514962
18.5273927026141
17.7950424568598
17.7746371499952
17.3463337952505
17.1607651254979
16.81059695173
16.543801249278
16.7350759668804
16.5652592750445
16.577301313946
16.0736887773938
16.3578023356344
15.8061345299552
16.1931665531857
15.4540172284307
16.035369152747
15.4345673321899
15.9440411701259
14.8353372549168
15.7480766538449
15.3047817968257
16.0659103643212
14.8259433389198
15.5518085117944
14.8294150023864
15.7429027458608
14.9173345599931
15.8545365290472
14.9111532923822
