70.4186184760432
158.251144780734
172.029978579601
81.3892909879767
121.121614116354
288.224629079434
319.342850608341
300.218759021981
300.217767639147
231.190334534941
161.618634045505
138.445616519879
119.539293507707
114.622240752954
115.381256590322
76.7129545167163
231.053924762813
270.403756109836
149.358255419946
108.792028167886
189.811082184235
140.946600153663
43.7241107594309
94.547380492184
157.407964090647
163.670088067234
117.946781278808
82.2834516323413
46.6109745775762
70.4166471165118
125.357708518679
133.443811210114
103.356128172162
56.4315065571201
101.691542276436
214.341821096374
169.355910605736
119.90598505223
118.041672028428
90.2145400723212
77.346441329624
10.1502203059617
49.4166230581128
58.0869097145411
41.844252121224
28.9899542972093
67.4677945707016
52.6913921354465
54.7504038179272
65.6923244336794
57.642121804699
49.9143898438997
77.680566349187
76.6838415183313
81.3908878461211
84.7787917570707
111.388881597247
112.648826827818
131.909196420005
183.314135566233
421.5696674307
658.992547762197
602.843061063833
325.854341312312
161.742587212688
115.998051201463
94.5364464306383
76.1429642336861
68.1269174043267
57.2592928543312
54.7161595428351
47.551651085927
45.8287435927323
40.6172170777411
40.0409307599635
36.0554950862392
35.9429238015694
32.6730195843125
32.9399415450352
30.3500914891983
30.9825883963884
28.6066757873775
29.148985517704
26.7143166127719
27.2526756152935
25.6485774446812
26.3921635125048
24.0263787326545
24.75586262094
22.7419151920367
23.3984215287318
21.9738889056636
22.9968832924935
21.4212622782317
22.1987027384705
20.6372849387539
21.5814960271109
20.1161256229647
20.8509639892973
19.3428631201954
20.279849234027
19.2574594264547
20.312296338295
18.9247311557754
19.7939605450044
18.5684590010587
19.6438357381774
18.2852313573153
19.0673776324167
17.9334408700995
19.0408036631545
17.8794877342498
18.7763098174236
17.6526123856315
18.6245155300525
17.4110571422206
18.386696537329
17.0942869299317
18.1237179325597
17.2179856253306
18.3094439874695
17.538317120004
18.6611368635829
17.401776049072
18.128440968529
16.9555631213395
17.9105257451922
16.9800293593415
18.0436520611543
