60.3839255912633
146.14107410837
167.188353187139
179.692772700892
191.286692565066
173.665186430457
186.083106607887
221.179993298404
221.47827519508
208.134182956222
193.375273394212
170.144344986469
131.563119091914
46.8225657138726
81.9943183840196
164.749426481222
161.417903457871
192.708255392844
233.152815398481
208.702484809377
159.863328589625
109.99030667842
91.1885455209452
104.390369150834
132.860917754298
157.918843814764
161.138350981864
121.368358192345
73.0689423268072
65.3171216142668
83.6239360731098
93.3808759212048
82.1932924885068
72.223267003483
77.4172536702281
61.7070527497192
51.7013208136808
80.6670623644669
90.4805737995931
71.5752064410103
29.2904850455563
21.8237437479165
50.1731609768694
71.9026840348576
68.5522379053069
28.8889208292557
17.6220910347883
44.1206893546049
75.0450763884095
60.7889124168805
11.8811114742691
19.6086328705441
45.0495075051691
55.7250668311113
68.4226749135708
66.9070546751527
78.9244345542701
100.480298221395
133.251166006199
192.744453109462
434.941665253367
685.083817989792
621.010371139066
324.720326776585
157.969171435135
109.775147346745
92.2114787141465
68.3257599353346
64.4263651876949
51.2235726959161
52.0308750858522
41.3341601956755
43.0878630667019
34.6960634383475
37.2388642185465
30.1979360576941
32.7617121509607
27.2319821950319
29.7890740898091
24.5246988816886
27.3727334606998
23.4985869649578
25.7558864755569
21.8341959795503
23.8569701576515
20.2191804423024
21.4620944882329
18.6734445457102
20.5145231389245
18.108373777699
19.6883519270631
17.5275376933599
18.5720561214293
17.0711462663102
17.8972845701555
16.6889909486281
17.2724738472099
16.2370076375453
16.5025901881732
15.8007679878196
16.212539204146
15.8280051253287
15.4946853732231
15.4858740358129
15.2502341041421
15.3306824498837
14.6945103278135
14.9943781174735
14.2868675063456
14.864129878571
13.9886934766147
14.7573250910607
13.709623629268
14.5887434718112
13.3978687531817
14.5936146764947
13.5430289882772
14.8443872691504
13.345636483661
14.529215934076
13.2712312870294
14.9057273420726
13.068237772631
14.3434083918869
12.7755510710865
14.3827787923903
12.8401201715396
14.4533198034053
12.8192704651787
