43.0966623254947
122.287271056698
112.501985623193
110.798704578554
219.518132618679
191.58523218492
9.67042859082955
155.840066687788
205.78920945844
247.610467222213
330.241933410423
335.75040269116
198.158195165657
89.6017299206191
235.274927715054
339.496939612285
310.854900959872
189.178436889337
99.8240121759567
61.7423936453952
32.8833183308806
18.4007724166253
14.8296977109073
21.5701314705504
104.143040271814
206.757048724263
253.785750847801
225.142401687758
149.597597628553
152.221954400313
150.131530411084
123.237137502105
202.100911350433
226.951632020777
170.183632322335
92.122475368113
137.416801028612
200.444817613723
198.400731759962
131.06628139528
75.0894449650761
43.0975736677611
29.4184303116907
44.0078644973459
52.9385363377264
71.2186503516777
54.863491981016
60.1511518145579
60.1286331636855
63.8293084625169
46.8027141411588
30.106379861298
52.1013773409277
52.0623581085895
53.1088369252966
66.5270869273413
83.5048455256817
94.8076803939979
118.854668009138
183.413403460072
397.0808641221
631.154884852175
581.768471717195
310.541641049146
144.839373683818
98.4456838838088
80.7143449340152
60.9529911776522
54.6487159667444
42.3536674832234
41.8723370757941
33.1786125905577
33.2112058485193
26.7306021485073
27.6927699045005
22.5488883233756
23.8746851829369
19.5498051542854
20.6612691878974
17.160217128905
18.2262778393895
14.7494588665501
15.5476608753888
12.976215262087
14.4026158814111
12.5090586021377
13.6254609074776
11.2976164270904
11.9493200917239
10.3823527983466
10.8951767811733
9.63845107086445
10.3944422060148
9.22173842903792
9.68992292765876
8.69026212053946
9.04605215000369
8.14390589211719
8.35320697419222
7.66519045695024
7.66586331426444
7.4692566100607
7.96662798648192
7.41063562164084
7.15456376554527
6.97733794192039
6.8532142878649
6.71865615798268
6.73321133885038
6.63233021564851
6.41152447405354
6.41902448873916
6.21186106886403
6.30979632352633
6.04401094961199
6.18133319256736
5.72024063191018
5.87880614644727
5.73816972794394
5.89521171698929
5.53453177591838
5.94111621584694
5.4035873702257
5.53165496761257
5.25451430769414
5.69324302691155
5.37673719147465
5.79740037034647
5.42305704717104
