68.3698522260775
124.920330634803
99.4328663510731
156.955845402565
221.707724507472
275.459758537549
260.320777760716
116.432437873177
59.4348635324236
122.582264260299
80.9696695278736
43.8947174663896
113.815895094623
145.039529175536
142.246915057973
186.125452170339
213.381749016917
189.821069025315
124.105201844037
43.2668131636043
126.100680118704
205.352181010875
208.322970959885
152.747727477722
76.2711017018253
118.15273602687
148.898408061245
159.377132948951
169.071150359123
118.933806683868
47.7331654446746
15.4820985682628
31.5295266054253
71.8341496371484
98.406486305927
87.3241856967162
92.9269387617977
115.581190530843
105.692439949661
76.6700776536797
88.2169781795844
122.626998541972
108.331381721631
85.7804391710885
75.7748560109345
53.575899749222
54.324324774346
66.6556123512537
46.5161719140673
19.841480843136
18.7648416957556
29.0807424218912
51.2452180888186
58.3818114611748
54.1806841436349
57.9599165381467
67.8468325907819
81.1009658570101
117.516526072223
185.643671326753
416.879233352269
678.766338117636
633.866567469635
342.963973316048
166.95297775805
114.967767232012
96.3634944161632
71.9198482163207
68.6208288767067
54.3528603042347
54.5890777131895
43.5794828781919
45.684084808152
36.8396995163679
39.3805763625177
32.0509764238752
34.5101092626721
28.3557936228651
31.2744434063802
26.0004110435637
28.7302136336445
24.1552657123218
26.3631023824393
22.0716286194719
24.0545634782377
20.9486987106118
22.9817103589991
20.0047558632619
21.667383959022
19.3196271250958
20.4471084953679
18.3434860915295
19.5310976900348
17.9617703855244
18.6323559872648
17.3660388108607
17.9050428784507
16.8908129520584
16.9555209120631
16.4144169736339
16.1881002724462
15.8525596394219
15.8471949833364
15.7434221827353
15.2375488455937
15.7188046276314
15.0232631770789
15.4799995666175
14.4499813888843
15.3156170231466
14.1612233581163
15.1476586357881
13.8627198075523
15.0203833868744
13.475690472588
14.8715417034708
13.2360056944297
14.6016089424704
12.8286523486353
14.4876705206591
12.5765047243459
14.6041199278071
13.0198844711718
14.8846105569422
12.8746380890691
14.7126995400368
12.7349131947617
14.7046572681535
12.7515998489172
