5.35938782371235
59.5177665701084
165.823180175798
269.845515810263
309.656156222873
252.457877607815
178.15630079454
166.748339405491
131.63080306832
61.8473463559561
208.206563728395
314.268402933987
314.442371070146
280.941592469255
255.116290140906
182.066846377157
64.8056340891586
27.9728049229338
66.1309133443348
65.184426598155
111.461257699862
163.224401028189
148.608132116366
125.984625805905
141.277622789771
164.442621339049
185.609481545816
177.319670148
113.861825839338
43.8279020147172
88.2590153854562
107.916032298461
98.5378203425094
79.5107569574619
55.359637964598
22.9626068812972
8.47162094089784
26.3963864443054
72.0301235643265
79.4924006723278
53.1056973433473
34.0582643450051
26.0881634753215
14.0450656899356
22.1485561364226
46.0425346411542
62.5628978171825
52.9362855045858
45.8733491449127
41.8884595291332
53.1780766382532
30.1836168982922
24.3016442464153
36.0946771485354
38.4930072213045
50.6533925947806
70.2213925628303
72.0821269708339
97.1558228703064
161.422760217747
386.601865068863
625.048918099173
593.052091373912
329.854862011156
155.690099719652
107.483098657904
87.0533486007599
71.6378073097484
63.6615606569216
54.0646947225811
49.5734222866867
43.1018456997022
40.856312767425
36.2806184222739
35.0917968843598
31.4081460045589
30.9649000190876
28.0587309786637
27.7046374379749
24.8454221634813
25.3138146261417
22.948716342839
23.5060432863823
21.2251877545742
22.2349905211542
19.7092240253396
20.196006691559
18.3142670572151
19.3863737282833
17.0879757109953
18.6300400094784
16.3788983430535
17.4517376476004
15.2161466220071
16.744779891316
14.5323815604791
16.2429449970096
14.1613280132655
15.9166486441997
13.366396274526
15.0611087998429
12.7133101234634
14.8158336644403
12.4105761490287
14.5908280977307
12.4114512963032
14.5157812171888
11.8189664969486
14.145425219898
11.7906041854727
13.9851704159696
11.3618539041683
13.6461070526781
11.0292584402453
13.4491528758885
10.8711446504333
13.3562364161415
10.7101667602953
13.2584104507689
10.786791876239
13.1860307473975
10.2023357117245
13.0893711873921
10.8300243993057
13.373470406009
10.5953865918927
13.2543042502614
10.4968356401285
13.1295450592673
