27.8309931262458
39.0252987955298
41.3170333619897
100.100299466215
127.118154323295
128.074469037093
163.28441875992
242.26755943407
296.739108047976
291.719312581992
263.41463671729
275.482549337394
319.323263761511
316.89000578565
279.131305238681
204.139025093634
94.5608907122929
27.1875383304228
26.8610332100546
76.1972427909108
113.609148337044
138.615298262217
111.81692466186
63.1047472279331
16.0440388559512
88.6689396680991
127.630115575697
105.686944370199
67.9783873588612
89.2582450589533
132.616330973692
166.916892664559
184.136985741481
187.31450109294
142.963553157849
52.0308585954336
45.4298548779185
33.8140124674687
43.7770750418079
82.6629086453288
79.3319396222716
70.7444581681423
69.8266664859656
93.2633422791796
106.442849209408
76.7554822121625
51.5129759951519
52.8888299616874
45.6723842320039
56.8376504676727
61.8777699870435
45.5792853310242
50.4805905499541
65.6659185951851
64.9359203413418
72.0019428820068
78.1703516769757
87.8109638387165
126.875057099874
188.680901311735
419.421777504027
672.864608781327
621.038078536265
330.513290451813
157.943393301668
108.995613702604
85.8983864582541
64.5879350213959
59.5496603415911
47.2491332128545
46.0916305790204
36.9376841894025
36.9151797763538
29.9944457588133
30.7693861478441
25.1931231129502
26.3666923486859
21.612517536248
23.0950659970003
18.8201191455885
20.2184870939402
16.981087868122
18.622519797512
15.4858816576058
16.8317318670968
13.5441545846131
14.8742905462247
12.4620671787952
13.5426308014366
11.1768811532617
12.8585943606213
10.7930936706129
12.1486888988865
10.145992286572
11.3471053544013
9.52825070417755
10.7074411347111
9.0489220972302
10.1873852607438
8.53516257789106
9.59349434272396
7.9679006803379
8.69095560050224
7.39963126741212
8.90302152780508
7.62650377042714
8.4590590391014
6.98721750228577
7.88518390328951
6.85785312671918
7.78145930291915
6.64701428628505
7.57702073781644
6.50188186632993
7.31257373040036
6.43989495982158
7.3595322826513
6.26448852243379
7.03256994224615
6.07813814103822
6.79554762142223
5.81095870656929
6.59020066804415
5.9782827310234
6.81420049974267
5.76291837606731
6.73687766802189
5.90889296982285
6.737452426055
