71.7646522896988
136.871345250509
154.380987539358
227.097111768639
141.848152490863
320.457891684929
493.98848675484
392.605114953737
210.810139198207
247.322485884534
252.096391369042
185.502730848576
162.346155324213
139.814398534814
114.762861517226
100.45675154346
87.3049236007791
115.637433356867
159.780874727781
192.623862242694
165.066259918891
122.173037253759
214.854675384413
232.959586556277
175.14773512061
200.774492206748
187.65857093279
155.553182444586
159.62596473613
176.665346650292
209.751019880847
214.60453052945
154.920287634709
95.0516852692672
88.9142850765189
146.879177603567
141.645965558738
120.864067421115
94.5346148481235
136.890416325261
131.863927214946
28.7283697982989
44.2882332564495
52.9976477988526
78.6422918231097
60.1711929234664
71.9650660747148
79.4639724894764
53.1512109257007
57.6435959637559
77.5907197790868
73.0325351993149
59.7523525448538
58.6289415759927
77.2005453615957
71.7781112780784
80.1699444797601
96.3720335174228
127.852609353944
179.260909755463
396.31232309112
623.887089051103
579.274266649407
314.496925786302
145.0967918161
99.1510143933165
77.4070334860604
58.8059928235569
50.6381072431366
40.9405630417932
37.6728454227744
31.7690948106811
30.2719313148005
25.9739407178985
25.1254697689688
21.7399840552515
21.472622010921
18.9253586377771
19.3601002304705
17.2298200973616
17.3205806555091
15.3492907030984
16.0663952841824
14.4131884177708
15.0705189007762
13.4426574545792
13.9791546328404
12.2389196249405
13.5608648580987
11.9895784088984
12.5733569251935
11.0082839409898
12.3009669031285
10.7225428783653
12.0166582091038
10.3528899720952
11.8420024024524
9.98260936825193
11.5189244384464
9.79119344864604
11.4354018714805
9.32619176758616
11.1421614547253
9.37742815813201
11.2663922743879
8.96045999126221
11.0568482265155
8.91312817834038
11.0040312667682
8.75081588395827
10.8630119025119
8.53444148552513
10.8565593327579
8.5266814535703
10.7754381110623
8.30694624703876
10.7864179594483
8.31681022182261
10.7598744762319
8.20608697733071
10.4485351543381
7.61694848985951
10.2174134094537
7.74382431615398
10.5068068788047
7.9109344895194
10.5985401839173
7.92382335643484
10.5951590620294
