22.4984231165886
21.3883388648546
63.9479076229803
93.4649410020133
79.7432843768735
127.102255919309
189.395097693226
208.572994825238
234.941757132622
236.998990770894
131.87067337833
82.6805255248633
212.901657068948
246.386769954785
217.121959624914
207.472741588765
227.991591468894
242.433719926329
224.798578437793
200.349610548527
193.192273095327
169.638764048103
155.32800776573
132.781667337784
106.621586709607
112.186798907938
149.476001537403
118.980414155089
10.5398987995643
95.0977071934713
177.277792317121
221.400503199206
200.411913764787
135.656169053055
60.3939581520386
71.372646135366
108.341019103997
111.986398509815
96.598885684731
74.7759950421724
67.574396207651
64.4596851418852
19.4089652952046
47.5913302054636
47.3327741761956
22.7549946062654
15.8623690445576
38.8051966516612
40.9003316815437
50.5814827160143
70.0492386079652
64.8419617815574
54.2163398609091
41.7450868372216
39.0231838117468
54.0376275663319
65.7599344612802
85.5466381874341
116.95435910866
174.792189754097
398.024773915386
635.551177304101
587.012865682988
315.977751176422
149.093352291461
103.720937206078
84.6053810798714
64.3799667259505
58.2864491974433
47.377898010527
45.325909127181
37.1112029087596
35.9549621216277
29.8501235633064
29.9088098581393
25.1874890996779
25.6267362247335
21.8415212407272
22.515030589423
19.2209015328317
19.6694006775095
16.7005946543544
17.814471838377
15.3711031309297
15.8593518636459
13.7503685000647
14.4681321319306
12.6831512558841
13.0433452256886
11.6255843352904
12.5693635928947
10.8702042213139
11.2777070331736
10.1047886123792
10.7240417364994
9.58249792712965
10.0861067722629
9.23257150521258
9.64483926242733
8.54277000830949
8.95038012241356
8.15980137722336
8.71205635621478
8.20199846819869
8.36885800454755
7.33162194069513
7.53683669817968
7.32530596598018
7.68535628455769
7.07329204120526
7.33598458326722
6.93809448276032
7.11041239802737
6.62641084187279
6.87984111433745
6.58617367036999
6.83909411221422
6.59763963517623
6.60321318680337
6.11206700590129
6.20419859507072
6.01888703420265
6.17024820547462
5.93520109147998
6.0551599669765
5.94070494053762
6.30074898724871
6.06612153277478
6.26617941853393
