35.4454536151968
81.5597407789817
61.7329961642985
47.9541080936409
118.136611508702
204.670232376685
211.931205511553
54.5954440078962
128.478807510393
183.789627366909
143.195515272665
87.8651397633753
218.334733373715
176.522800350583
84.6502991261357
149.665150067214
100.454503155568
117.518223913692
101.443004942418
156.710668550996
306.773275840897
388.187641573843
322.411192764714
199.296977964438
115.509999679609
109.199355409092
179.539661343187
185.614099057294
146.180608591022
210.765370339321
192.562737290248
69.8615500821915
63.7919591223275
154.134031380231
195.484464883084
199.114149660149
168.057490421445
102.586712390527
61.2599790403971
53.1067682118678
29.7665698452639
46.8053002890927
63.5386388612628
42.8570128165995
73.6236906919772
73.945903034353
49.0709102929644
50.5099178670978
51.5432879746032
35.1016567073264
46.8237166026987
62.9503499992075
70.2566125172565
78.1222851306606
78.2385013148968
80.2364431105704
82.9228307788304
89.0243338420358
125.256570692842
182.860277659172
398.48077729535
637.301006747835
587.745938380308
313.144930138282
141.165449149181
96.9293587424529
80.3212847902857
61.7558997462439
53.230058796844
41.7615605375304
39.828302840306
32.6697621847953
31.9671971272434
26.4073779724247
26.4061944363126
22.1602295295924
22.4151400101965
18.7945197182646
19.2160555364787
16.3860981654092
16.8877389500362
14.4120063363079
14.9715207348669
12.7439827152467
13.5381141816775
11.9939009878274
12.190203165955
10.3099796959905
10.7719531940106
9.48399649718831
10.2288558946667
8.96821672174988
9.33215193732075
8.36496458278018
8.8175550955713
7.9823980479673
8.3332264053499
7.47073585454478
7.8917979325114
7.26767799432834
7.52418261124207
6.73120243862531
6.83588071121213
6.31412983482404
6.73828269209678
6.3952561375847
6.38088760019906
5.85206058863911
5.99405401117274
5.72616302603538
5.98559125818197
5.68961313040873
5.78860524933068
5.50737296205754
5.61164794898731
5.32657622393518
5.40717615397039
5.33362705128635
5.65591922358553
5.52061685191835
5.11786058021457
4.87093208668649
5.2335376856206
5.01870647792273
4.88853649766719
4.8315731777308
4.95369409987771
4.91257089739511
5.05180789148991
