62.0792341143763
166.144233939119
168.926304115538
93.7608731968401
92.2583343670533
202.420329904806
262.710755443456
268.367702913079
213.286540140583
128.562104862297
103.436177903483
171.987187988637
272.416685215725
286.067395630902
146.054966857792
145.664131477259
257.232792361425
226.502672268
106.246895586389
42.4482009185314
142.195790560161
167.334872217961
144.17294744124
98.0516411947301
52.8321493242066
36.3486612856985
142.408055102689
176.893345580882
94.2691289920112
125.571596648309
175.490965079334
171.549774704051
138.824141272428
25.4293341113158
83.8683739229394
99.7113629898873
116.271778477656
94.6279448229278
45.0003912629383
28.5117177304668
42.9669231442071
55.642985599659
57.5876019310955
76.3199502959209
93.871666648035
105.755582598972
99.7712320584744
71.1550196378329
35.3336684415425
6.46356968589263
15.8441671884959
33.418297867298
48.4943393651662
54.476160737312
60.7809842476998
59.4975761776695
60.2282862053062
97.9862962617658
122.085876447193
176.105108485525
409.62470758593
678.257196829506
642.362309024894
350.578615095751
175.188579785164
121.914876835468
104.454396507797
79.2367912842162
76.3626386393881
60.9311849136466
62.9056519535648
50.4628289816664
53.6407630311396
43.870551117947
47.6144965733998
39.1154120044115
42.9186645252559
35.8393475957675
39.6313810572522
33.2425081094391
36.5590838911532
31.7554065109681
34.9301079579056
30.29481722039
32.9531446449784
28.4006006902907
31.0024137078159
27.7271384912595
29.8515459408039
27.0045205842184
28.385366070908
25.6979884187549
27.1501319383482
25.3810881304529
26.2204747845862
24.8184929999312
25.3904644353022
24.343827978153
24.2971644250063
23.6332083197615
23.5196709801447
23.6021474335185
23.4433397285326
24.0421707471085
23.0623342158181
23.2141674632525
22.1579874960816
22.9455059421947
21.5125424508652
22.7024533817
21.1076694362568
22.5831480373552
20.7971858159409
22.4869968533604
20.4293519307315
22.4449754619103
20.2816871803964
22.4912839095782
20.3174390068305
22.5347837711307
19.9618907531966
22.3114759165114
19.6304049870977
22.016640760914
19.3464041566424
22.0629196694658
19.46223419241
22.1624700485208
19.4690084873202
