14.4901804263842
100.967629880525
187.815999365013
244.752595296138
238.527454953075
148.922857743797
149.257875385526
179.998732516017
158.511959794146
155.41488150027
144.612931162802
135.433536888201
315.134256321638
379.36570872258
241.285038080465
75.6245762947365
91.8260599839021
82.5717643936811
16.4106133514592
60.617562024889
114.190532574549
162.99159530662
136.283619187363
114.390223056448
130.724073936505
133.858949094885
183.844649402263
238.110069831322
203.451807924137
71.6670234481421
77.7281908042439
124.829711851991
93.0964426329993
233.692216224911
383.229770896087
400.962370478659
350.097355531523
242.635178584631
111.306953355597
73.4151648563529
115.086280684964
118.288952476716
88.9383964547725
121.927497227417
77.862253692974
27.0471978285654
32.8381445227621
57.501447303537
38.956262605949
22.2236528529314
8.43555639083112
19.9497275762211
44.3965383548173
68.6467586133744
82.4510857967306
78.9854897944518
61.0412843384306
66.3704915214325
127.407039671668
194.017025747106
437.643743320596
684.601130666352
617.117286633369
325.42769132657
157.924132213706
105.001863749221
84.6634438491984
62.4979239693617
59.2704014295514
46.4845788959818
45.0142808683966
35.2342131635452
35.8141100465756
28.6632066743612
29.837834239681
23.947950778912
25.608575146976
21.1622393764162
22.2869443651735
17.9642989632413
19.3568539619591
16.1372110610207
18.4052016943502
15.8413122162912
16.4636234278947
13.7536914783339
15.1170240612661
12.5039842607669
13.3625647321827
12.0790272553565
12.8232932023098
10.9043256807006
11.5142000374934
10.2983526095014
11.0111993188482
9.84955829188679
10.1993972644159
9.41813776184663
9.66442489546697
8.88469939873269
9.12815812026382
8.7501358415796
9.18497402026124
8.69036052975407
8.47100303702004
8.34762065289662
8.55052744633152
8.46981247359204
8.26659807661538
8.2062786078284
7.84158113155019
7.96149835324809
7.64247582100419
7.98862073170728
7.66427562409273
7.6045958067759
6.86824199361379
7.14935030589061
6.90805684787679
7.45196327659462
6.85281248240904
7.66296255545263
7.17683635744986
7.35452745484861
6.76763654770766
7.70421383132671
7.18497152652847
7.67582315676334
7.01607281469081
