50.5276958794708
119.966544520264
140.29064158257
158.741221979427
220.767816411955
231.364450082054
185.287113944587
132.823241519559
118.984030299033
128.74214723948
91.6246917969017
35.4520563157052
98.6290996103124
173.987087198134
125.884556051819
18.768480411129
130.940195173804
141.839512059929
94.3519143496649
67.7793228207891
80.6735605004755
116.469247720644
142.606137323958
120.426871745897
55.0087175416252
109.714004615048
148.852590355858
163.585733609741
181.477638701816
140.409146462538
75.8342475277266
94.9605158585307
153.472557314952
135.483535101416
188.151712925612
245.698851549411
181.024473215388
74.04966329638
60.559535731112
52.4140806007437
26.9870230779869
51.705820399006
56.711259238204
29.4447687732922
70.5363292330029
68.2360498111302
58.360848872664
38.9713678521924
40.8753979365402
75.3243410210093
63.5781688153674
9.17188825515767
69.7190160648321
100.227245418329
96.4272676897165
80.3408135167518
100.22261141129
104.993701636191
136.385514649737
194.155279961915
415.496322964636
654.564406872096
599.792031574359
317.97277042136
144.842499692098
97.4269895366437
74.0101689156643
54.0894016825421
46.4705860003963
37.0819764665051
34.8403724164556
27.0595053132795
25.814121797964
20.5331798874464
20.6877985303931
16.3623676471337
16.9319536756077
13.1806166012919
13.9882105820752
10.7004404634469
11.7430105588982
8.90881317410657
10.7826046704047
8.02345915060177
9.32123418108893
6.75541282936934
8.19150737802952
5.68037322126991
6.83884355680908
4.52818320359803
6.39952811622246
4.34921046348292
5.88639902813732
3.75575096048047
5.49962824651489
3.40162391652457
4.92467583420512
2.79715507080036
4.69166522589802
2.79049095483086
4.30241306563386
2.2156394277153
3.68250110151113
2.02763274046852
3.93654907119813
1.96847600381426
3.33062791517756
1.34937966281824
2.9246315009005
1.26778197508457
2.97289217650798
1.16068665350088
2.74474986013429
0.929909551366626
2.59328313957087
0.904728220066502
2.4949766568647
0.915154969906846
2.64590707542632
0.975213621669997
2.33770552150902
0.555742918873456
2.07009709314196
0.568996456362261
2.33543698090677
0.625419161274231
2.20758168345799
0.604325514227181
2.20151089910631
