15.8248153318494
64.6410968436368
145.821639769847
209.149925118918
221.084242697146
180.186026531828
94.6109425700768
45.1563917890186
114.611036179219
186.38346983304
235.740476607359
171.728220871153
72.5589809393941
118.384797790671
100.590781041681
104.21661512624
165.960565722972
230.666075228539
212.156711912855
209.618418813223
189.078312101527
96.1454537546076
94.3729578287304
79.6833440513531
91.0138346522735
103.086938713719
83.0247620558151
78.8434832868352
134.060194499252
120.298474663862
72.9685695948015
93.0567098232912
121.431036471843
130.528798808128
129.009519184188
72.2609668325536
30.8394295888968
73.5327567137973
92.3326026117941
74.8003068758489
64.4286697616912
72.1139589534437
63.9552684868793
40.0064929211924
52.9374647512
73.1371420193343
56.5392195801207
30.1524025476657
15.221078020525
20.2973348556595
30.5642881935127
33.0065954800616
23.9030360821464
37.7191716292354
47.5681146648042
59.1694811311539
74.3466304196797
87.3435046336224
118.449900112337
184.970822405889
437.153989254956
699.659863594267
639.115604528853
334.648006520238
167.614347454963
118.356234372964
102.969283214938
76.8187734311054
74.3928313141961
59.1576670973313
61.7089386876672
49.5366141726312
52.452566257407
42.4210929825851
46.014067861159
37.7505553758955
41.3555669581733
34.2094713321732
37.6383361503932
31.6354835131548
35.2434953248614
29.8093523775758
32.5284556031406
27.5236077507587
30.161663289574
26.4744177153718
29.0054875511006
25.5362141602572
27.3826099917203
24.4242668878274
26.0222732756176
23.9824586704112
25.1270751106519
23.0945108781047
23.9701629433516
22.5709646397951
23.1260076753458
22.0110426880956
22.1324519975713
21.7267177700324
21.8254339242759
21.6639650032726
21.0644749517882
21.0624001067154
20.1784160659933
20.7232803372689
19.7266576135652
20.4413035362831
19.1719878342542
20.3304795317296
18.8385189987519
20.2920275552607
18.5326398157322
20.148049033854
18.1477224318855
20.1231498980717
18.0403921932114
20.1173173602052
17.8829265076877
19.9594697536243
17.2030612872869
19.6490654155592
17.4527933955538
19.8110934696881
17.0184966389164
19.6400868068668
17.1071584345034
19.6856253532693
17.0876304957771
