3.78189181546882
22.2525862954256
46.1601874517709
80.0396582122621
92.5054015233097
75.1805835641952
144.227957691559
190.977922842754
141.527929350332
55.5182776599273
142.255654865116
159.531019200397
52.8728475549548
93.8465682923784
127.647846334537
92.4242008918277
66.0406094211192
85.7012264023999
139.861180552138
143.165626140309
46.4307002111616
91.3366810642713
189.900734645909
230.933214805537
174.78901383638
74.502630674485
89.8329352543631
71.6906963994284
62.3110935812385
111.76247473828
159.477329320215
124.19112371133
81.0699946104131
79.0347645933235
57.2314446276488
87.2350632420374
104.539738118705
105.043577090563
97.2355402699549
38.9445141308455
49.8055603645448
56.8640443593163
17.7619639283459
18.3931163703076
31.3320930530259
47.127860035475
91.3357610336744
99.0661897020711
69.4126159730875
49.4648528032358
47.2957795072438
40.1537072282098
9.00468273744495
36.4881342893369
56.0402271649788
65.1612851069153
68.7185074299955
67.3905601398293
110.975457279194
183.294311482819
430.40982467929
686.572321791738
628.455033633337
333.510929964403
161.049523299213
113.082172397694
97.8212735752813
76.2222632135273
71.057219981197
55.9027440005072
54.6064059948097
44.5859181799727
45.6916325025253
37.6986598800997
39.3353770702693
32.8458278162785
34.7205005783493
29.1676152328964
31.1484798730049
26.5006114248873
28.3284709646928
23.9204422127874
25.8614179945985
22.4978204645175
23.9659468867788
20.9647733795111
22.6561796844446
19.9013879275201
21.1218906040848
18.8497580376062
19.924818983387
17.9033430326707
18.847643979169
17.2486015285961
18.043550951053
16.7109823567243
17.2556606024956
16.0691354401241
16.2580655559081
15.4500712049289
15.7621753159483
15.2241209190482
15.1523086655242
14.9098191962408
14.7912830383611
14.381214404402
14.0357961666343
14.4764933126151
14.1356460640145
14.2525729837282
13.5772047014844
13.985715208421
13.2199665138496
13.811071373336
12.8922716291072
13.6317311553025
12.688675607167
13.5761083991189
12.3079729295234
13.2966946148118
12.3975586257123
13.5971018253532
12.2490454636897
13.3892475227385
12.1804841359157
13.4971409927682
12.3310032565855
13.5191253033087
12.2544172040538
