50.6500099130194
118.534170660823
119.180384851546
132.526561850583
243.13558693888
416.00569400333
490.835527590743
389.895027511912
217.363968188244
105.886212831031
447.821828636093
637.315254802287
504.864407226999
353.419779027799
321.691570458144
195.214007585206
95.100118039051
123.627952954425
129.363309021625
102.258456689228
120.941097448467
189.481820612537
188.239293617824
92.7864499916541
46.5974723423582
68.8235069045509
89.7019378914261
94.063455429599
94.6873499428
177.605630134446
230.385724927147
234.954779871346
168.966866795006
71.6572346300137
71.0339949531991
97.74486426135
93.6872003628187
86.5582940281493
56.4306263719627
13.4983608219469
59.0647903710874
67.9043765628387
69.0632352452249
85.9890619699719
88.6459540946855
56.5929636193112
75.9676428313376
67.8206458737313
29.5168863574483
35.682048968449
36.9401512846994
51.0375855944863
49.7654790977481
51.3806478211908
37.2832960972778
55.4022504138089
98.4706475739235
117.532673633882
129.083562202889
168.69498829219
421.014972887437
692.939172506115
638.269231402286
333.892884679308
147.462964761631
99.8440662193325
84.7857551999116
62.7042486993945
57.7992816753184
43.5439982988611
42.6128996790141
32.7989155344434
34.0535576444852
26.3175953132128
27.9208911631341
21.5939102180239
23.6067202636597
18.5996142159302
20.4939701932393
15.8004362000287
17.5268799645438
13.8215235767414
15.8199021207411
12.4253506481253
13.7499409171614
10.9384595523034
12.4972198259276
9.99040250836544
11.4196665136717
9.51497149595681
10.3684477811895
8.46178329609977
9.2822793462761
7.83666197082747
8.574697207787
7.38143343956099
7.90438116912128
6.91504583619531
7.30075838495505
6.43900255188516
6.7886661668427
6.41199109466476
6.32969706251532
5.73340430937538
6.04373700063873
5.83890975017488
5.62658808039246
5.63562196527704
5.50597675965097
5.50287532606128
5.23163265163001
5.27832916616882
4.90739798586296
5.06632748887395
4.67458649059021
5.00525740345366
4.66791818401723
4.90762857566572
4.23989969580155
4.66503945614413
4.30694397511109
4.88980875901835
4.17430683723698
4.62937417184898
4.1686314243172
4.80536229596077
4.24929671336451
4.7235735659693
4.14706773224195
