76.8631156018319
181.34213260571
214.138452269913
195.833649828399
184.947288431701
272.048347591417
221.383657268939
200.407661591411
293.395131231319
182.234647507677
60.0803130312349
174.948569380759
178.179130496412
116.021928448959
136.488600294867
209.056562615879
179.784267915007
123.889284584206
167.313880825086
170.464384180167
102.206750446939
60.2593472847155
53.3234026786405
87.7277481720136
146.049679849817
216.335100141115
322.342503789186
386.167105808715
303.771327582519
117.66949886899
117.068731804845
164.715578375882
168.861565830595
139.599675787566
97.101204467496
81.5573710953066
67.8348854046323
59.3841040588626
109.999469244026
131.931307350897
94.7581163699354
50.4162547600691
82.6105853987741
108.627639046933
110.792481859403
99.7878739633684
52.9194092908665
60.6910176418654
81.6119328772327
67.8715891653338
53.8950903318754
74.7425084740956
86.2487884775203
72.190349037136
85.4344473900436
92.2461152757242
82.3154735687847
83.0366189927309
114.385700225386
180.269624197542
402.912507850507
641.364370140896
594.314247441997
313.5676744044
147.843813680788
97.6991842715022
80.2316001001698
56.206012262364
53.5798275403672
38.6607921624653
40.673499416803
28.3208112134274
32.3696408365729
22.1495266958695
27.2067836507254
17.8836137764435
23.3126640143215
14.7733457567964
20.6600815943139
12.9668575294335
18.6052303819538
11.1084368588739
16.7010745667727
9.48020077695083
14.7959185552333
8.72759875011099
13.8515158277643
8.10049521624216
12.4771804257985
7.28458928190776
11.7156309407306
7.16993302579546
10.7392186452712
6.93714012380607
10.084750936364
6.85527112862956
9.33952245132075
6.81548427436416
8.8704456362474
7.02118959024055
8.1373718178429
6.72942205894125
7.66352405974916
6.47775925463102
6.67682974617161
6.78740802213985
6.53749887256982
7.00148133826825
5.92409187348547
6.87111333071409
5.44570222842653
7.06672326365657
5.12977581735155
7.10348482808339
4.75358497950502
7.13698583580885
4.2677550911749
6.99477005183247
3.69938262376449
7.42121236536452
3.89816969271879
7.4300289651628
3.78136358070659
7.53865429543321
3.27003581549242
7.24025220668377
3.23219547497203
7.4488157749467
3.30750775565545
