33.7261115452765
99.8090113825386
125.520561357801
174.212265369659
184.530859011562
60.6754254331468
122.288567681268
190.98427806876
209.890547655715
233.677392800466
178.915652748697
103.712566178082
91.7536462086337
101.497380393007
101.643065438557
108.678719472394
92.5154418293877
131.154432032348
94.4226692142497
76.2042198900604
129.237815997525
170.136741572449
215.786490419093
256.815783801368
298.428835363391
261.061606889515
192.260789110981
135.412531570117
157.54740196114
170.547475932103
92.2359268169923
67.7375708256757
51.9481797521835
70.0387476472323
105.20330348472
76.2203887937938
80.3129233694224
108.48339422318
118.074952746027
119.107408071021
81.7290259802792
84.0244985820085
40.261907068439
60.6040994276012
68.8833592732624
39.3893814733472
15.699072204721
23.0013453182638
34.9479848003776
38.621497319267
10.1103941300337
39.8350354574875
60.7990580259127
48.4194573766062
23.2895857011863
46.3729289582825
77.9354430877473
89.128855161982
123.194257760355
195.034907995941
442.353430485506
691.354904903354
624.701487673567
331.70143805361
160.498050584055
108.064621702616
87.7037058358209
66.6214736686464
60.5210464060193
47.6554962181303
45.9294833845961
36.5405240464415
36.2566429281222
29.5390517237899
29.7558783302281
24.5692326579546
25.1787975147598
21.1339143614389
21.6554880877802
18.155268005263
18.9114996595023
16.1951130347257
16.7420820191663
14.3788760712948
14.6777507900256
12.4244947946838
12.5180716663613
11.2913860098845
12.0168748304276
10.6085561488206
10.4711351796739
9.32295319350596
9.20033866033487
8.37925940568282
8.2823296067137
7.52256387639133
7.39454287365455
6.87414458454404
6.50044251536366
6.05988764560334
5.71394273707913
4.8210047253503
4.70503782640252
4.93214284408606
4.5734606963018
4.22079144980588
4.1541831863275
4.33326648752712
3.989555540878
3.90313590658663
3.41482867682601
3.38244632325626
3.01933397193317
2.97769863883812
2.68537591173191
2.61167515750887
2.08973455428951
1.76863129441334
1.45840848196393
1.53397022859533
1.23674525002315
1.26578515373488
1.23323734722662
1.16475622188631
0.793495568803496
0.606343834818996
0.434619367319351
0.355061311332239
0.462286275860842
