72.3295184869676
147.36381088663
184.811911492958
251.529088976473
338.074247090047
373.357605488955
209.88070192813
149.831042006768
387.61658224379
435.949993324373
424.8742301896
360.986683587789
202.050733177095
103.506839416078
88.8618044855048
54.0032267329458
11.62847814671
33.5994261387641
62.8808471264315
107.988954570939
172.494664016664
208.545367282686
185.025894304522
104.017458052954
34.9866452455845
55.7754555438627
78.2621296758277
45.5976526145117
42.0308745475027
120.128367300465
158.364983534864
155.578522565022
109.660206143582
74.2245866276058
67.4450375029687
72.8981905910945
67.997783808638
38.4486097343991
26.2375711572973
27.336061831891
43.9004966524088
54.5932297353626
49.1830566281421
24.7037561642244
14.2667141394076
28.1309135336507
56.3836831456673
104.810321621031
106.190104437996
63.420263866566
61.266122807863
63.2967530071538
74.3400256732909
90.02598289629
98.8186142710705
94.337855690759
80.4900359575759
88.9712892692349
123.112341796927
178.254300622683
396.910119044876
650.17259529022
609.347795775843
325.455336069921
151.971690904704
102.965042329707
84.9075295256488
64.6688384952064
60.5842259247366
45.7854643634005
45.5375656896817
34.6856223805444
37.1976827796518
28.6522188250059
31.6149833439107
24.1464885594609
27.3783475067725
20.9177335326124
24.5902857560271
18.839279542624
22.2615830414382
17.0254433115851
20.1258664083272
15.6404738232361
18.7403044307497
14.1610302020312
16.6740402172049
13.4575991890118
15.989457249947
12.9024066107742
15.1035001925329
12.4112393641102
14.1130928138727
11.8857400177054
13.355780978021
11.4598562121644
12.5202887259883
11.3161343855084
12.0918439360276
10.9655229544059
11.337845855086
10.7207858559723
10.8563934327
10.6679401498132
10.4755504444657
10.9328242690594
10.5082270231719
10.5198884554544
9.60344220305918
10.4788918440033
9.32326496313588
10.4073603679495
9.05709309288451
10.4185266932694
8.87481547650361
10.5058155999322
8.6562256892568
10.0613355763481
8.11604497015322
10.0087012122225
7.96048880142749
10.0402208837609
7.83953895674483
10.2848851835292
7.79410941844138
10.004413752293
7.6795573960315
10.0381064536124
7.66249346483884
