33.2575461165472
74.8057327200143
145.917350892321
178.968223368454
230.871240716742
302.724540484427
159.790544488145
90.8856541329717
193.537323614002
226.222020462536
231.562268365149
167.037619027428
162.136340702914
91.5531137767779
19.9428193487424
90.9688263981494
104.75294184421
57.6689557956095
93.8556821423566
135.165440515055
152.229536498469
142.745978711695
158.06893686244
162.480450384746
131.427512197831
110.333572098358
82.7059020497561
69.0821307875593
113.739906192622
169.440140583945
141.518208065291
31.0792099134727
75.1015084853484
94.9866520527895
67.2452647102049
71.699391375208
106.280841238782
87.9997125609847
34.5759473048186
4.41747318835156
22.6752218232545
41.1499773892743
45.4982495766137
30.1033440662697
23.9515846235581
35.9360600013616
65.0440286810003
60.8794566537292
39.9445777669837
52.3238564086201
57.585815949234
54.319424609714
45.4239531971861
38.5582108093396
34.0545667345177
39.2839855480918
51.7868892896127
74.2041351687477
113.882490864716
179.223658027224
407.420486545998
655.902233486063
612.567905858196
331.404498255498
161.683366567972
116.661326517132
97.1390977303581
76.0615388968216
70.9880407618483
57.6530762872568
55.7907722130368
46.7244290368186
47.1219261763125
40.0180392579833
41.0527116897056
35.1930991117817
36.5483129831838
31.6030874011065
33.2313883683107
28.8537251775279
30.3597713879107
26.9174867504049
28.3757181334847
24.849624175102
26.2518704481692
23.7793754045805
25.2502147826563
22.6526220248028
23.7912347933667
21.4078674043305
22.3661562205603
20.4462827582333
21.2922125698908
19.6602840711894
20.5281099488087
19.2049588607263
19.9220001994189
18.7481513547956
19.2428731896449
18.3851652486378
18.6353215178412
17.8455903710505
17.893233957023
17.1833690143353
17.3093552365981
16.8123375860263
16.8792447823867
16.8834657038256
16.8710425718772
16.8014449399423
16.4259211412994
16.514136645074
16.2089778303485
16.3967956037348
15.885651774857
16.0942544448077
15.7507102907562
16.2873381006386
15.6371693423766
15.9287503142791
15.3598976104761
15.8396651016602
15.125581684336
15.9134546986484
15.1860178729138
15.8144328105572
15.2221915856243
15.8374085934978
15.0964850688331
