35.4043656539856
40.290034775965
51.1795638161172
182.37958287977
281.740561190657
270.564333850703
171.902506956964
201.398494230738
314.613941378177
311.024989041776
196.448951428442
180.023864405505
267.609302524313
300.184228170614
276.901517252916
222.711397506016
145.128494476555
106.253785943744
123.049712992112
106.630327527898
126.703137418283
123.19259499228
58.055572516947
59.6878395337785
51.1691887605497
96.7191853843117
125.606318042432
107.459069516094
63.3547140055259
51.1874435666654
79.5655261038897
40.6195648533337
96.2878650534101
134.932040939258
139.023344247837
189.716000174033
229.839639534543
208.601039306693
146.785238325253
119.631005510629
156.24503368639
162.255879913897
96.4437907603134
96.5235240730971
118.188568742494
58.4227553802165
67.3582360760489
124.887957272456
99.5319913518756
69.1902195424702
33.4454029347969
59.7832918226311
84.1570276579222
60.1462534396506
68.536479400654
86.4733924949856
93.1863699695416
109.029032756641
137.753711298489
199.725038026081
449.548393558325
699.880474302459
617.027302149572
309.915942896325
138.431251847967
94.2590452115525
81.4769845034474
58.3957110005803
52.8632091698591
40.4384415314929
39.4247403490099
30.4611018611606
30.8639333990483
24.6148409395847
25.3361695535421
20.7104053719697
21.0866261095544
17.9547081138243
18.1665144990976
15.9258313718521
15.9371104819508
14.7487179708149
14.6217747739597
13.3991842507879
12.8074591247445
13.0118454543722
12.1628878487379
10.9907268796243
10.4496021691991
11.3597217625796
10.7866741929061
10.7802810521245
9.56448459391756
10.0449933680223
9.15503523654213
9.65208061691069
8.78770889649175
9.40892730017725
8.65577820566701
9.17124502794052
8.1855810648184
8.4655167407585
8.28448216987019
9.12582264813961
8.2958319971135
8.42312448400742
7.84375829853121
8.36556404203682
7.99733006848787
8.04072888948872
7.68445730235856
7.75652186290366
7.63294166559945
7.57911411899684
7.48332933310162
7.31971150004579
7.51586048396263
7.26106725756077
7.38037335667473
7.53602897101826
7.76152188657495
7.18233665229562
7.57113126537154
7.18788246881364
7.34319372540183
6.96264557704278
7.43707149029688
7.11277531207054
7.54569414835801
