54.9384956327215
140.845571612892
116.945917970801
182.708589524463
118.878927723228
186.504595225054
361.916141792499
262.901131258341
231.899792871807
297.668687896485
229.958406245293
208.983187389516
282.197362651646
280.277976480561
218.487593406786
217.696411487736
127.466006585411
58.4590915619929
37.6277548764287
96.0153172289751
186.447854697299
191.178895723106
124.83843790337
74.4936924017415
29.1563676254405
23.5664826109037
78.9565229657841
197.134125259941
255.824965090619
226.724005844164
137.487210239052
77.0303600459954
91.4217818688276
83.61991247218
43.967695602746
62.9237123861453
127.097017717744
187.653302353632
181.166143180942
113.852046463732
49.688704432386
36.0417772921777
39.3600204648855
67.2535319015703
77.5925026928872
48.6851517732443
20.0406052328442
24.138928882624
41.3902143536943
32.11001254238
26.3165361831438
28.5583862175616
19.9756150475524
20.4314466397175
30.8596502255482
56.0628732383949
82.2469391399968
89.7511202136268
113.337378069244
182.177141248794
422.070025210428
668.095008346289
610.666032438541
327.770161142221
164.845792763775
111.988021697775
94.3122554839341
70.2951902299885
65.7730352035145
52.0980510695731
52.0835964757862
41.8462432496448
42.9387841091736
34.6920775003113
36.5164424746546
29.8943070417394
31.9324715919948
26.402067543798
28.3625610301254
23.5880371932447
25.610550106947
21.3304691913416
23.2170051426743
19.5941964675649
21.3780557451755
18.1737678427419
19.5870031925608
17.6341700576776
19.0393025980211
16.7031709945115
17.5567542227552
15.7916086871206
17.128627111154
15.4304641117838
15.9693539358605
14.705625266952
15.3506105986196
14.2704055453163
14.2719356708832
13.3405830157807
13.8741771359543
13.7300986311159
13.6108055476925
13.3415445926965
13.1183215474736
12.7568313074014
12.6295839334306
12.9265521651508
12.3865762290138
12.5240512279904
11.9009584943402
12.381792595364
11.7200686505001
12.2955148437947
11.4689198216058
12.2277942186695
11.2734409962348
12.1651965162903
11.3845980403758
12.0998340310925
10.6988510556672
11.5362049032119
10.5211457965983
11.245458007902
10.2532474419503
11.7275433323801
10.5880748328844
11.617950754538
10.5122089275906
