22.1001654689649
70.2389794016186
191.665812990931
379.972201899228
472.843432399248
409.766035293472
309.032546831507
222.295499142013
131.612344029722
119.085938514345
88.1256191852308
5.26576467431705
84.0419715170657
146.65445335728
167.837499793245
155.787176714532
126.163507852497
84.2391261751651
66.4146241420224
87.232524197007
105.48762283678
107.992853987002
84.7036503680111
60.6450080738982
101.895401639038
130.921677038775
96.6854962395113
44.2378952135526
38.819957351414
36.8866835750752
65.0948844130845
88.6797178087293
64.5456029758339
69.7840103874752
64.5157146472204
63.1733229868744
87.2927991790526
79.6336990708495
70.1899240339981
87.7890501043162
78.2009869075137
60.3948040360817
62.1601081348741
67.3959040640329
82.5551400746405
83.0572779541773
49.5433899419608
49.298911704109
38.7066767525356
36.4430592861831
16.1295250647363
16.1458135111796
36.6542245991473
42.3466606171165
55.2887529665042
73.3244366456806
74.6518788657576
91.5752752061066
111.07285853094
165.713371357613
383.843774551613
638.264392166494
605.04966719142
331.09598299765
166.330925610685
114.225909432324
93.9849040109083
72.3133665017897
69.9676919096875
54.6246358455058
55.0771642981453
44.0199830732466
46.0081475118383
37.1242571540261
40.0965859215274
32.7595381763971
35.7432363346872
29.241326287813
31.9439350756497
26.3781775723864
29.5435395041464
24.880534605117
27.1138206792997
22.5821194422637
25.05679590853
21.9960946469199
23.8650225817519
20.9027886615555
22.8214839099287
20.0354350311557
21.1709471667297
19.0665214550789
20.4772214494243
18.8669106947624
19.6490996575256
18.3584046526837
18.9375859180495
17.9260432295146
18.0500794456202
17.275285752801
17.1407458911198
17.2460738227588
17.1392141761194
16.7753464836211
16.1205751366466
16.5461213166163
15.6714502435715
16.3521358344158
15.2740413043696
16.2234629881553
14.8833716822893
16.050272545886
14.5691090028685
15.9701231576998
14.3916135151353
16.0164274112066
14.1873520114833
15.8187433549186
13.8397974988399
15.5563747811952
13.4289842887983
15.6150830145887
13.6417273501976
15.827348101515
13.6328676959834
15.6212333030587
13.4206369436224
15.7146035923479
13.5319077549659
