27.4408849284035
86.518930682199
122.970297827235
172.817001731267
244.264858237824
229.823285794015
179.628578931074
194.647944034248
155.253209567896
29.422362817662
164.687676404645
158.706419169327
97.3929159835621
174.316670987446
250.997239127612
262.541800371252
93.1819371392702
104.849884926018
157.478031883568
141.477896527268
202.690658770406
288.730722569622
218.056966477594
122.908356100165
84.4063628481222
141.672785297325
189.778219272833
121.976803134946
20.1388231790319
132.390330654112
109.253852759487
41.4171620897667
49.6551610298718
91.0031117915372
186.142163595302
210.048358267626
201.461151231831
145.051247745689
84.9334549088798
12.8202701063519
57.712766870566
75.4821328254019
76.2793415938995
63.1678202324068
42.7669735175142
33.0607388929758
28.2315359045838
28.5937666330243
48.713279290005
55.8988671209684
51.2234541520014
43.0998508640901
51.1526615149469
58.343555127287
63.2278334567631
68.3657434802904
60.643583462631
74.0381870014768
115.662026434551
177.94952672117
384.804727080583
615.531159389223
574.836934958717
309.816998357075
149.456121458763
101.837779664299
83.8119437637517
62.4946689127904
58.076597445796
44.2689665369946
45.5029378091976
35.222890711579
37.202584677261
28.7561200169385
31.4788533168793
24.2143826214592
27.2024798997453
20.7894079647921
23.839360113552
18.2583420725229
21.9069376819514
17.2256202466697
19.6223456532719
15.0665003714472
18.0099925543078
14.3917807588927
16.8866099760258
13.0812079265991
14.9124087730522
11.8624031944645
14.1481651782528
11.9484550496446
13.5501266964011
11.3811891863473
12.6794671735813
10.9943293501892
11.9212736063589
10.6709726379931
11.4541833677441
10.4124794716126
10.637688031986
9.70747375298999
9.88971346158863
10.2369701775287
9.62978467362591
9.41587366395676
9.21069189799164
9.78305687020183
8.89799813261198
9.5908372273541
8.48182859566399
9.40901362051845
8.18942573438594
9.40393075644159
7.876203010136
9.13638953125399
7.59927845900927
9.33491367818944
7.41854404179251
9.22274951410573
7.27248096893111
9.04637095523213
7.07309600645747
9.31286462752311
7.22849893898367
9.25769621607534
7.04605229037294
9.15789645504136
6.97437080269038
