18.6323083066976
43.2626149692347
66.1807601549349
119.456129213013
187.085132829846
224.861661765942
184.052300475335
111.938105585917
32.163283955516
316.207937763324
565.701550185494
588.934356133421
457.034508106407
374.557856227428
399.396663229316
331.850199994453
134.302887983702
70.6190802841352
62.3209542469427
108.917508947726
148.838489043195
127.687956008719
106.254199431925
187.351205203616
248.85130213996
289.485951824234
248.471547600246
142.544974228971
67.766783374821
149.329912473884
232.592231383337
241.036443965723
175.305983497889
57.3003720916793
77.7307441860885
132.47056543839
161.816820303779
116.315848890657
36.0253936486786
173.337053221942
186.311321391796
97.8223721309178
28.8189636657221
88.0507477958415
103.506608787588
90.6522857159702
52.5935900093563
46.5671393527184
44.1242476979939
30.9059713013529
11.4451518070875
23.6367964813048
54.6120070496597
48.82587896776
51.2286289103823
53.0368725777489
46.3199569325939
70.1052368589113
110.651227447947
181.411321364358
437.065151043455
690.060342254377
625.814927422019
334.286761145204
164.394317442564
113.317976500041
91.0205901981139
68.7381881348574
63.7901428586718
52.4273752685576
50.8671895041552
42.9626944658042
42.554399159903
36.29171163198
36.5289970815548
31.8892522441226
32.2344730568389
28.6231877244656
28.815113258033
25.7486519311142
26.3935093689042
23.5895405073502
23.713133069966
21.8676751454416
22.1407965966365
20.8911224119412
21.2121706286659
20.0459187316184
20.18726245323
19.0003442741458
19.0772197623776
18.3105542438645
18.3563906688097
17.5376114703697
17.3982817030713
16.8061982065338
16.7983765705912
16.324121083898
16.2279871257295
16.0724025467087
15.878680489336
15.3814291574125
14.9974588024633
14.7532431882317
15.2246927881547
15.3275208758873
15.0011104153156
14.4325765598702
14.1890511866934
14.2710565654181
14.0894843773259
13.8960172567089
13.7775552301816
13.7626848652173
13.7249395540458
13.6697225301252
13.4633743783745
13.7419377307953
13.7862614552616
13.5465056237005
13.3150627071088
13.1956334752376
13.2489051065721
13.3248826957832
13.0605043672692
13.0092224440469
13.0311545404178
13.1387778364212
13.0592384305789
