39.635116028774
67.6821784150142
93.0471583684937
149.953401756402
101.295038434568
98.6524579379351
209.74362101816
193.901029742439
198.752373186886
175.059262688235
123.552723327669
121.137941390172
53.5394793272765
154.535545195384
259.79598407113
380.442795651268
354.554839943373
180.381138632016
120.305437207059
144.575186839659
76.4015827506552
29.5877710482704
106.07229409246
151.05824734152
132.646657644947
116.438981727755
122.325661184146
95.545347922432
78.034853416294
90.0923502310694
113.173110572228
92.8633241902523
59.156980305693
85.8814782197438
108.007124341202
121.534521205814
111.087130017738
77.1120494541611
75.0805454707011
60.1760360709873
33.4813894483086
25.1173472823262
17.3696745183296
48.6940556221082
101.990037066117
119.789909669599
84.3672377216904
23.6110317319256
43.0030977101737
78.4372957598226
91.0987635542234
67.9763033268124
61.0434944270977
67.7124524976565
79.0890340218054
92.2814937872627
84.3270714809141
95.6739511467757
137.082016120289
197.492538190966
438.317454021537
681.931127458105
611.665719507403
317.958774234382
154.758184458112
105.295244520904
82.3243547654657
61.2045151207855
57.8559423009876
44.4516899139971
43.4941527149539
33.4862207659265
33.9908509095599
26.9171806505128
28.1158906939253
22.2120394435633
23.5891652838807
18.9344673184311
20.5745449760684
16.4124599172899
18.0723997284288
14.5044368051989
16.384801022031
13.4419855752173
14.302898609712
11.6489250411284
12.8222556440788
10.537107943168
11.9082903263418
9.80992668516935
11.0015322358021
9.05765625772749
9.83435354427145
8.26869177559442
9.2477989492969
7.85104774958375
8.67420649945533
7.32460569811848
8.11708078222692
6.96853697321075
7.29873962821933
6.26784747899992
7.42868565678937
6.86668476325209
6.74218163238259
5.68485561248971
6.18607968986494
5.48246282703543
6.02936286798311
5.39204658241256
5.70312875116574
5.21160450839581
5.54124989651082
5.07114089650703
5.33871480542143
4.78084548964803
5.00386844742904
4.84916837391264
5.18853824087711
4.74414676094662
4.86465424677777
4.69772870319991
4.88586417170368
4.62668001127452
4.94574668331256
4.65735341671222
4.87397441842614
4.65740042242324
4.9194591643262
